time_1,gyro_X,time_2,gyro_Y,time_3,gyro_Z,time_4
422536,3.05,422690,-2.08,422738,4.88,422786
433748,3.17,433817,-1.89,433850,4.64,433886
443866,2.87,443937,-1.89,443975,4.58,444010
453989,3.17,454058,-1.71,454091,4.58,454127
473524,2.26,473595,-1.77,473622,4.64,473656
483661,3.23,483730,-1.83,483763,4.64,483799
493785,3.48,493856,-2.32,493883,4.15,493917
503881,4.52,503960,-2.99,503993,4.27,504029
514009,5.07,514079,-2.99,514106,4.52,514140
524125,4.27,524194,-2.81,524227,4.27,524263
534231,-1.89,534302,1.34,534328,4.27,534363
588311,2.14,588380,-0.98,588412,4.58,588449
598432,3.54,598503,-2.32,598529,4.46,598564
608556,3.48,608626,-1.89,608658,4.82,608695
618695,2.93,618767,-1.65,618793,4.70,618827
628792,2.20,628861,-1.59,628894,4.46,628930
638911,2.14,638989,-0.98,639016,4.21,639050
649028,2.14,649097,-1.53,649129,4.09,649166
659125,2.62,659196,-1.89,659223,4.64,659257
669237,3.17,669306,-1.89,669339,4.46,669375
679366,2.56,679437,-1.59,679464,4.15,679498
689459,2.26,689528,-1.28,689561,4.39,689597
699587,2.20,699658,-1.77,699684,4.76,699719
752789,2.69,752858,-1.53,752890,4.46,752927
777817,1.95,777888,-1.40,777914,4.46,777960
787929,2.50,788004,-0.92,788037,4.39,788073
798045,1.95,798116,-1.34,798143,4.27,798177
808136,2.20,808205,-1.04,808238,4.46,808274
818262,1.77,818333,-1.46,818360,4.39,818394
828380,2.32,828449,-1.53,828481,4.09,828518
838486,2.87,838557,-1.95,838584,4.46,838618
848602,3.05,848671,-2.20,848703,4.94,848740
858727,3.23,858798,-2.26,858825,4.52,858859
878275,2.32,878344,-1.71,878377,4.27,878413
929628,2.56,929699,-1.65,929725,4.33,929760
939731,2.38,939800,-1.53,939833,4.64,939869
949833,2.32,949904,-1.71,949931,4.52,949977
959928,2.32,960005,-1.16,960037,4.21,960074
970022,2.26,970093,-1.46,970119,4.46,970154
980127,2.20,980196,-1.53,980229,4.58,980265
990228,1.95,990299,-1.46,990326,4.64,990360
1000327,2.62,1000396,-1.65,1000429,4.64,1000465
1010465,2.44,1010536,-1.46,1010563,4.46,1010598
1020573,2.38,1020642,-1.40,1020674,4.21,1020711
1030680,2.38,1030751,-1.53,1030778,4.33,1030812
1040780,2.56,1040849,-1.71,1040882,4.46,1040919
1096354,2.14,1096425,-1.40,1096452,4.39,1096486
1106284,1.83,1106353,-1.34,1106386,4.52,1106423
1116220,2.32,1116291,-1.28,1116317,4.33,1116352
1141117,2.75,1141186,-1.77,1141219,4.09,1141255
1151071,2.69,1151142,-2.14,1151168,4.82,1151203
1161026,2.50,1161095,-1.53,1161128,4.52,1161164
1170994,2.01,1171065,-1.34,1171092,4.39,1171126
1180957,1.95,1181026,-1.59,1181059,4.27,1181096
1190895,2.20,1190977,-1.71,1191004,4.27,1191038
1200839,3.11,1200908,-1.65,1200941,4.46,1200989
1225628,2.32,1225699,-1.65,1225725,4.15,1225760
1235496,2.87,1235565,-1.95,1235598,4.27,1235634
1245472,3.23,1245544,-1.77,1245570,4.27,1245605
1255461,2.75,1255531,-1.22,1255564,4.70,1255600
1265457,2.38,1265529,-1.71,1265556,4.27,1265590
1275428,2.69,1275498,-1.46,1275530,4.58,1275567
1285422,2.56,1285493,-1.53,1285519,4.15,1285554
1304870,2.08,1304939,-1.22,1304978,4.52,1305015
1314827,2.20,1314898,-1.28,1314925,5.07,1314971
1324862,2.44,1324932,-1.28,1324976,4.46,1325013
1334854,2.14,1334925,-1.22,1334963,4.76,1334998
1352758,2.32,1352827,-1.34,1352860,4.27,1352896
1362633,2.20,1362704,-1.53,1362731,4.52,1362765
1372608,2.62,1372677,-1.77,1372710,4.39,1372746
1382610,2.56,1382681,-1.53,1382707,4.03,1382742
1392593,2.93,1392662,-1.59,1392695,4.52,1392732
1402558,2.56,1402629,-1.89,1402656,4.21,1402690
1412547,2.81,1412616,-1.83,1412648,4.82,1412685
1437449,2.50,1437520,-1.40,1437546,4.52,1437581
1447421,2.69,1447490,-1.77,1447523,4.76,1447559
1457428,2.20,1457499,-1.71,1457526,4.52,1457561
1467432,2.44,1467501,-1.77,1467534,4.39,1467571
1489111,2.20,1489182,-1.10,1489208,4.27,1489243
1499011,2.38,1499080,-1.59,1499113,4.33,1499149
1509009,2.20,1509080,-1.34,1509107,4.46,1509141
1519022,3.36,1519091,-0.73,1519124,4.39,1519161
1529031,1.83,1529102,-1.95,1529129,4.27,1529164
1539016,2.87,1539085,-1.28,1539118,4.82,1539154
1549026,2.56,1549097,-1.16,1549124,4.46,1549159
1559034,1.65,1559104,-1.77,1559136,3.97,1559173
1569032,3.48,1569103,-1.40,1569130,5.31,1569164
1579038,13.61,1579109,2.32,1579142,3.23,1579178
1601511,-3.17,1601594,-4.27,1601621,4.39,1601656
1613921,-0.18,1614002,1.77,1614034,3.30,1614071
1625576,2.08,1625651,-1.77,1625677,4.76,1625712
1637256,2.99,1637329,-0.98,1637362,3.42,1637398
1648968,-0.18,1649044,-0.49,1649070,4.21,1649105
1670041,-1.04,1670114,-3.36,1670147,6.47,1670184
1681709,6.77,1681784,-4.94,1681811,4.39,1681846
1693357,6.47,1693430,-4.09,1693463,5.00,1693499
1705009,9.09,1705084,-5.55,1705111,-0.12,1705145
1716674,12.02,1716749,-5.55,1716782,-10.38,1716820
1728324,-5.37,1728399,-0.37,1728426,-12.82,1728463
1762747,-0.67,1762821,-1.71,1762853,-4.39,1762890
1774382,-1.83,1774458,0.55,1774484,-10.25,1774520
1786126,-1.71,1786199,-1.10,1786232,-10.31,1786270
1797903,0.92,1797985,-2.93,1798011,-9.52,1798046
1809672,1.10,1809745,-2.01,1809778,-8.24,1809815
1821439,3.11,1821515,-2.87,1821542,-3.60,1821576
1833222,2.50,1833295,-1.71,1833327,0.43,1833364
1845017,2.38,1845092,-1.53,1845119,2.93,1845153
1856772,-0.67,1856845,-0.85,1856877,2.81,1856914
1868545,-1.04,1868621,-0.85,1868647,2.32,1868682
1888175,2.81,1888248,-1.77,1888281,1.89,1888317
1899816,-0.18,1899891,-0.98,1899918,4.76,1899960
1911578,-1.83,1911651,-2.62,1911684,14.53,1911723
1923357,7.08,1923433,-2.99,1923459,9.52,1923494
1935140,-4.03,1935213,-1.10,1935245,6.59,1935282
1946898,-7.81,1946981,1.83,1947007,1.46,1947042
1958664,-7.93,1958737,2.62,1958770,6.65,1958807
1970444,4.58,1970520,-3.48,1970546,9.83,1970581
1982208,13.31,1982283,-4.94,1982316,13.06,1982354
1993994,4.82,1994069,-1.59,1994096,23.62,1994132
2005770,9.58,2005843,-2.14,2005876,21.36,2005914
2025379,4.15,2025454,-0.79,2025481,5.49,2025515
2037042,0.49,2037115,2.14,2037147,4.33,2037184
2048797,3.97,2048873,-2.14,2048899,5.00,2048933
2060570,7.57,2060644,-4.70,2060676,5.98,2060713
2096848,-5.00,2096923,5.19,2096958,2.69,2096992
2108618,0.43,2108691,1.71,2108724,3.05,2108760
2120412,5.86,2120487,-1.28,2120514,2.81,2120548
2132197,4.33,2132270,-0.37,2132303,2.75,2132340
2143982,-1.59,2144057,3.30,2144084,3.17,2144118
2155763,-0.12,2155836,2.14,2155868,3.17,2155905
2175393,9.40,2175468,-5.00,2175494,0.43,2175528
2187016,16.60,2187091,-12.88,2187126,-2.20,2187163
2198745,20.14,2198822,-15.50,2198850,2.56,2198885
2210476,13.98,2210551,-11.60,2210585,8.30,2210622
2222234,9.52,2222309,-7.02,2222336,9.58,2222370
2233971,8.85,2234045,-4.03,2234077,6.41,2234114
2245718,7.93,2245794,-4.39,2245820,5.80,2245855
2257462,7.69,2257535,-2.81,2257568,5.25,2257605
2269177,4.82,2269252,-2.62,2269279,5.43,2269313
2280909,5.92,2280989,-3.91,2281022,4.82,2281058
2292662,5.62,2292737,-3.78,2292764,5.31,2292798
2312286,7.63,2312359,-4.70,2312392,4.58,2312428
2323911,5.80,2323993,-3.66,2324020,4.76,2324055
2335632,3.78,2335705,-2.14,2335738,5.31,2335775
2347391,0.92,2347467,-0.31,2347493,5.37,2347528
2359148,0.85,2359221,-0.61,2359254,6.65,2359291
2370880,-0.61,2370961,-0.18,2370987,8.12,2371022
2382621,0.92,2382695,-0.98,2382727,8.42,2382764
2394373,2.01,2394448,-0.79,2394475,6.71,2394509
2421054,2.01,2421127,-1.22,2421160,6.35,2421196
2432801,1.77,2432877,-1.89,2432903,6.47,2432938
2444553,2.38,2444627,-2.50,2444659,6.10,2444696
2459921,2.26,2460003,-2.56,2460029,5.49,2460064
2471558,1.89,2471631,-2.14,2471664,5.43,2471701
2483307,2.32,2483383,-2.08,2483409,4.82,2483444
2504538,7.87,2504612,-4.33,2504644,3.05,2504681
2516313,6.59,2516388,-3.54,2516415,3.05,2516449
2528051,6.41,2528124,-3.30,2528157,3.48,2528193
2539803,12.15,2539880,-0.49,2539906,5.31,2539941
2551555,4.76,2551628,-4.09,2551661,4.82,2551697
2563305,4.88,2563381,-3.66,2563407,4.15,2563442
2575074,3.60,2575147,-3.85,2575180,4.15,2575216
2594739,2.20,2594814,-3.66,2594841,3.85,2594875
2606336,2.44,2606409,-4.70,2606442,5.07,2606478
2618074,1.77,2618149,-4.52,2618176,5.25,2618210
2629843,1.34,2629916,-3.23,2629957,5.80,2629993
2641592,0.85,2641667,-2.69,2641694,6.35,2641728
2653328,0.73,2653401,-3.30,2653434,7.57,2653470
2665092,0.55,2665167,-5.37,2665194,9.40,2665228
2676859,0.67,2676932,-5.31,2676972,8.42,2677009
2688591,-0.79,2688666,-3.60,2688692,9.22,2688727
2700354,-2.14,2700427,-2.56,2700460,9.28,2700497
2712112,-1.40,2712188,-2.69,2712214,9.52,2712249
2774142,8.97,2774224,0.61,2774256,8.54,2774293
2801606,20.51,2801687,2.93,2801720,7.81,2801756
2813314,23.62,2813385,0.18,2813411,5.98,2813445
2825034,26.49,2825115,0.24,2825148,5.86,2825184
2836772,26.18,2836843,2.01,2836870,6.47,2836904
2848451,29.48,2848532,1.83,2848565,5.98,2848602
2860174,35.16,2860245,2.81,2860272,5.68,2860306
2871875,42.30,2871964,2.20,2871996,6.16,2872033
2883582,48.28,2883653,0.79,2883679,4.58,2883714
2895308,48.95,2895389,-1.65,2895421,4.52,2895458
2914968,51.94,2915039,-4.58,2915065,4.64,2915100
2926548,54.50,2926629,-6.23,2926662,3.72,2926698
2947732,57.19,2947803,-5.80,2947830,3.78,2947865
2959441,57.92,2959523,-6.16,2959555,3.42,2959592
2971181,59.45,2971252,-5.49,2971279,3.11,2971313
2982873,56.76,2982962,-2.75,2982995,5.19,2983031
2994618,55.24,2994689,-3.72,2994716,7.02,2994751
3006326,62.19,3006407,-6.10,3006439,5.13,3006476
3018052,71.90,3018123,-7.02,3018149,5.55,3018184
3029758,68.97,3029839,-6.29,3029872,4.33,3029909
3041476,69.52,3041547,-6.16,3041574,2.99,3041608
3061105,67.38,3061186,-4.15,3061218,4.15,3061255
3072726,64.21,3072797,-5.37,3072824,4.33,3072858
3084414,55.42,3084495,-7.08,3084528,2.32,3084565
3096144,46.08,3096215,-5.62,3096242,1.71,3096277
3107860,44.19,3107941,-5.37,3107982,2.50,3108018
3134530,42.36,3134601,-7.51,3134628,2.87,3134663
3146271,43.58,3146352,-7.39,3146385,3.23,3146422
3158021,39.73,3158092,-7.20,3158119,4.15,3158154
3169727,36.07,3169808,-6.41,3169841,4.21,3169877
3181455,37.29,3181527,-5.80,3181553,2.75,3181588
3201106,47.24,3201187,-2.32,3201220,3.23,3201257
3212703,50.72,3212774,-1.40,3212800,6.23,3212835
3224387,49.13,3224468,-1.34,3224501,6.35,3224537
3236121,44.31,3236192,-1.34,3236219,5.74,3236254
3247841,47.91,3247922,-2.26,3247963,6.35,3248000
3259557,52.92,3259628,-1.65,3259655,5.37,3259689
3271293,56.64,3271374,-2.56,3271407,4.70,3271443
3283043,55.60,3283114,-4.27,3283140,5.00,3283174
3294744,49.80,3294825,-7.08,3294857,5.68,3294894
3306469,37.11,3306540,-10.74,3306568,6.71,3306603
3318181,26.06,3318262,-15.99,3318296,6.41,3318333
3337833,18.68,3337904,-30.15,3337932,5.43,3337973
3358825,18.74,3358906,-34.30,3358941,7.02,3358989
3370527,17.46,3370598,-26.43,3370627,8.91,3370662
3382236,9.03,3382315,-14.71,3382350,8.06,3382386
3393958,-2.01,3394027,-7.81,3394053,6.84,3394088
3405614,-1.10,3405694,-10.44,3405728,4.21,3405765
3417328,1.22,3417397,-12.76,3417426,5.37,3417460
3429019,8.48,3429098,-8.12,3429131,5.49,3429168
3440699,17.03,3440770,-1.16,3440796,2.20,3440831
3467334,18.43,3467415,0.85,3467448,0.55,3467484
3486994,18.74,3487065,-4.82,3487092,-1.16,3487127
3498551,22.58,3498633,-1.65,3498665,0.92,3498702
3510238,36.32,3510309,5.98,3510335,5.37,3510370
3521916,52.31,3522004,37.96,3522038,1.95,3522075
3533630,31.43,3533701,26.18,3533729,4.46,3533764
3545296,-3.91,3545375,-2.69,3545408,1.10,3545444
3557013,-23.80,3557084,-4.64,3557111,-0.55,3557145
3568709,-36.25,3568790,10.93,3568824,-1.34,3568861
3580378,-49.01,3580449,12.51,3580477,0.00,3580511
3592074,-51.15,3592155,6.96,3592187,0.98,3592224
3611729,-27.40,3611801,1.28,3611827,3.85,3611862
3623296,-7.32,3623375,-1.10,3623408,5.92,3623444
3634991,-5.31,3635060,-1.83,3635087,7.32,3635121
3646685,-9.52,3646764,-1.77,3646797,8.54,3646834
3658385,-18.19,3658456,-0.92,3658482,8.24,3658517
3670068,-31.37,3670149,-2.93,3670182,6.23,3670219
3681790,-40.89,3681861,-5.43,3681888,4.03,3681923
3693471,-39.12,3693553,-4.09,3693585,3.23,3693622
3705170,-26.25,3705241,-2.20,3705268,1.28,3705302
3716856,-13.85,3716938,0.12,3716978,-1.53,3717015
3728572,-15.38,3728643,-1.71,3728670,0.37,3728705
3756634,-22.16,3756716,-4.09,3756748,1.83,3756785
3768240,-19.04,3768311,-3.66,3768338,0.49,3768372
3779909,-24.29,3779997,-2.87,3780030,-0.31,3780067
3806599,-27.83,3806670,-3.30,3806696,-3.97,3806731
3818298,-33.94,3818379,-2.56,3818411,-2.87,3818448
3830009,-39.31,3830080,-1.10,3830106,-2.50,3830141
3841715,-40.59,3841796,-0.55,3841829,-0.85,3841866
3853414,-36.93,3853485,0.43,3853511,1.46,3853546
3865094,-26.06,3865175,0.79,3865207,2.44,3865244
3876807,-6.53,3876876,0.92,3876902,1.16,3876937
3899279,22.34,3899368,-2.81,3899401,4.15,3899437
3911734,37.54,3911809,-3.30,3911842,4.64,3911879
3923392,41.50,3923469,-3.48,3923495,4.39,3923530
3935076,47.00,3935150,-4.88,3935183,4.46,3935220
3946754,59.20,3946831,-8.06,3946858,2.93,3946892
3958393,66.22,3958468,-9.58,3958501,2.26,3958538
3970070,70.31,3970146,-8.73,3970173,-0.37,3970208
3981734,69.09,3981809,-7.57,3981842,-1.59,3981879
3993387,65.86,3993464,-5.80,3993491,-2.62,3993526
4005076,61.40,4005151,-4.15,4005183,-1.22,4005220
4024571,65.98,4024648,-4.03,4024674,2.62,4024709
4036229,67.50,4036303,-2.75,4036336,2.69,4036373
4048005,62.99,4048082,-0.67,4048109,6.53,4048144
4059788,68.36,4059863,-2.56,4059895,5.74,4059932
4071562,73.49,4071639,-2.99,4071666,2.26,4071701
4083330,69.82,4083405,-2.81,4083437,1.65,4083474
4095101,78.55,4095178,-1.71,4095204,0.98,4095239
4106882,96.07,4106965,2.81,4106997,3.17,4107034
4118630,93.63,4118707,5.25,4118733,8.36,4118768
4145366,94.12,4145441,10.99,4145475,12.51,4145513
4157149,95.09,4157226,7.26,4157252,12.27,4157289
4186227,101.07,4186304,7.81,4186337,3.97,4186373
4197879,109.68,4197965,6.35,4197992,5.43,4198027
4209637,111.94,4209714,7.02,4209746,4.46,4209783
4221435,128.48,4221514,4.09,4221540,5.86,4221575
4233224,102.11,4233301,4.21,4233334,9.77,4233370
4245001,96.68,4245078,1.83,4245104,7.87,4245139
4256781,109.31,4256858,3.42,4256890,8.24,4256927
4268558,116.88,4268637,6.23,4268663,8.06,4268698
4280332,126.53,4280409,7.45,4280441,4.82,4280478
4292119,135.93,4292198,4.52,4292225,6.53,4292260
4311756,122.38,4311833,-1.40,4311865,5.86,4311902
4323373,134.28,4323452,-2.32,4323479,3.36,4323513
4335135,136.72,4335212,-0.24,4335244,7.45,4335281
4346926,143.98,4347013,-2.26,4347039,0.79,4347074
4358699,151.86,4358776,-8.06,4358808,-0.31,4358845
4370465,139.53,4370544,-5.98,4370571,1.22,4370606
4382255,113.04,4382332,-5.98,4382365,2.38,4382402
4394042,105.41,4394121,-3.05,4394147,2.87,4394182
4405804,110.78,4405880,-1.77,4405913,-0.06,4405956
4417582,118.16,4417661,1.53,4417687,-1.46,4417722
4429361,92.41,4429436,2.01,4429469,2.20,4429505
4449009,76.54,4449086,0.43,4449112,2.75,4449147
4475592,22.28,4475667,-2.20,4475700,4.76,4475736
4487326,-0.12,4487401,-2.75,4487428,5.31,4487462
4499082,-19.65,4499157,-5.31,4499190,3.11,4499226
4510839,-35.58,4510916,-7.08,4510943,1.65,4510985
4522552,-48.58,4522627,-6.59,4522659,2.87,4522696
4534306,-57.01,4534383,-5.92,4534409,3.36,4534444
4546046,-67.32,4546122,-5.49,4546154,5.13,4546191
4557783,-79.10,4557860,-5.86,4557887,4.64,4557922
4579009,-99.73,4579084,-6.41,4579117,4.21,4579154
4598657,-119.87,4598736,-8.85,4598763,4.15,4598797
4610269,-129.64,4610346,-10.07,4610381,3.11,4610417
4622024,-131.65,4622103,-9.58,4622130,0.43,4622165
4633776,-136.96,4633853,-9.46,4633886,-2.01,4633923
4645527,-142.15,4645606,-9.40,4645633,-3.11,4645668
4657269,-150.09,4657345,-10.50,4657380,0.79,4657416
4669044,-163.70,4669123,-6.23,4669150,5.07,4669184
4680795,-150.02,4680871,-5.31,4680904,4.94,4680941
4692529,-150.63,4692608,-2.93,4692635,5.68,4692670
4704302,-149.41,4704379,-5.07,4704411,7.20,4704448
4723913,-151.61,4724001,-3.36,4724027,8.73,4724062
4735552,-151.79,4735629,-5.37,4735661,7.51,4735698
4747298,-147.64,4747377,-11.23,4747406,5.80,4747440
4759062,-149.72,4759139,-14.34,4759174,6.84,4759211
4770829,-150.39,4770908,-10.25,4770936,8.24,4770978
4782557,-158.33,4782634,-12.21,4782669,10.68,4782707
4809276,-188.78,4809355,-9.52,4809382,11.11,4809418
4821046,-194.21,4821123,-9.09,4821156,7.69,4821193
4832789,-197.51,4832868,-15.75,4832896,6.10,4832931
4844541,-196.29,4844618,-15.63,4844653,4.33,4844690
4864214,-162.90,4864293,-13.12,4864321,4.52,4864356
4875837,-169.37,4875914,-8.42,4875956,4.21,4875992
4887587,-202.15,4887666,-12.02,4887694,5.13,4887729
4899343,-230.65,4899420,-18.80,4899454,6.71,4899491
4911110,-281.68,4911189,-15.99,4911218,10.25,4911254
4922849,-263.37,4922926,-16.97,4922969,6.65,4923006
4934606,-237.67,4934686,-20.08,4934714,11.11,4934750
4946363,-238.59,4946441,-16.97,4946475,8.97,4946512
4958117,-217.41,4958196,-16.78,4958225,9.64,4958259
4969891,-213.68,4969976,-12.39,4970010,8.85,4970047
5007212,-207.82,5007299,-11.41,5007328,13.43,5007364
5019718,-209.47,5019794,-16.54,5019829,11.54,5019867
5031417,-200.01,5031495,-10.99,5031524,7.75,5031558
5043130,-213.01,5043207,-10.19,5043242,5.31,5043278
5054858,-221.56,5054937,-10.74,5054973,3.97,5055008
5066557,-203.80,5066634,-10.80,5066668,8.48,5066705
5078287,-204.41,5078366,-4.09,5078392,3.78,5078427
5090016,-192.93,5090094,-0.18,5090126,5.31,5090163
5101729,-164.92,5101808,0.92,5101834,8.36,5101869
5121346,-166.56,5121423,-6.10,5121456,10.80,5121494
5132932,-147.46,5133020,-10.50,5133048,7.69,5133082
5175302,-133.00,5175379,-2.08,5175412,4.70,5175448
5187027,-124.45,5187106,1.65,5187133,3.78,5187167
5198756,-118.96,5198833,-1.53,5198866,5.86,5198902
5210449,-127.08,5210527,-1.59,5210554,7.02,5210589
5222164,-126.04,5222241,-3.36,5222274,8.00,5222310
5233877,-135.86,5233964,-5.31,5233990,14.65,5234027
5245580,-126.28,5245657,-3.91,5245690,15.63,5245729
5257311,-138.98,5257391,-6.29,5257417,15.69,5257454
5276983,-138.73,5277060,-4.76,5277093,9.16,5277130
5288588,-152.59,5288667,-9.28,5288693,4.88,5288728
5300296,-158.02,5300373,-11.84,5300407,-2.14,5300444
5312042,-179.81,5312121,-10.07,5312149,-2.81,5312184
5323770,-184.51,5323847,-12.27,5323881,2.26,5323918
5335469,-154.36,5335549,-5.98,5335575,3.60,5335610
5347215,-151.12,5347292,-9.03,5347325,6.41,5347361
5358958,-122.19,5359037,-6.65,5359064,10.44,5359100
5370664,-96.01,5370739,-6.29,5370772,12.82,5370810
5382394,-98.27,5382471,0.37,5382498,10.01,5382534
5402042,-38.51,5402117,2.69,5402150,8.79,5402187
5423121,-3.85,5423196,3.91,5423223,8.24,5423257
5434829,5.43,5434902,4.03,5434935,7.20,5434978
5446557,13.92,5446634,4.27,5446660,5.07,5446695
5458291,24.60,5458366,5.13,5458399,3.36,5458435
5470005,37.84,5470082,8.12,5470109,4.64,5470143
5481749,52.98,5481824,11.96,5481858,6.47,5481895
5508428,71.35,5508505,12.39,5508533,10.74,5508570
5520137,82.52,5520212,11.90,5520246,11.72,5520285
5531875,85.02,5531960,9.70,5531986,9.83,5532021
5543597,86.79,5543672,7.69,5543704,7.14,5543741
5563247,102.48,5563326,8.91,5563352,1.83,5563387
5574823,107.73,5574900,10.80,5574933,1.10,5574978
5586521,115.78,5586600,10.38,5586628,0.12,5586662
5598244,120.06,5598320,7.69,5598353,2.93,5598390
5609967,117.43,5610046,2.81,5610073,7.57,5610107
5621649,124.63,5621725,2.69,5621758,7.63,5621795
5633330,127.32,5633409,0.18,5633435,7.75,5633470
5645040,128.72,5645117,-0.73,5645149,8.18,5645186
5656730,133.61,5656809,5.62,5656836,5.98,5656871
5668426,133.12,5668502,-0.06,5668535,8.61,5668572
5688086,143.74,5688165,0.73,5688192,5.86,5688226
5699648,130.55,5699725,-2.75,5699758,5.62,5699794
5711325,129.15,5711404,4.70,5711430,3.60,5711465
5723023,133.67,5723100,10.19,5723134,4.15,5723171
5734723,139.04,5734801,6.59,5734828,2.75,5734863
5746384,149.78,5746461,3.42,5746493,-0.85,5746530
5758082,138.61,5758161,10.25,5758189,-2.20,5758224
5769783,133.79,5769860,10.07,5769894,-1.46,5769931
5781449,137.21,5781528,11.66,5781556,-3.85,5781591
5793149,140.62,5793225,5.62,5793258,-8.54,5793295
5804848,125.73,5804927,7.75,5804961,-5.68,5804996
5862089,198.55,5862166,7.69,5862198,-8.24,5862235
5873699,179.87,5873778,4.46,5873804,-5.43,5873839
5885384,193.36,5885461,6.84,5885494,-2.08,5885531
5897084,198.24,5897163,7.39,5897190,-0.24,5897224
5908783,201.66,5908860,8.73,5908893,0.18,5908929
5920451,215.39,5920530,3.78,5920556,1.53,5920591
5932146,209.96,5932223,1.71,5932256,0.79,5932292
5943849,203.92,5943927,2.93,5943962,0.24,5943996
5955529,203.86,5955606,8.36,5955638,-0.37,5955675
5967252,208.86,5967331,5.86,5967358,-2.32,5967393
5987296,204.90,5987372,6.77,5987405,-3.97,5987442
5998860,176.70,5998938,2.81,5998973,-5.74,5999008
6010545,161.56,6010622,5.13,6010654,-4.94,6010691
6022263,157.41,6022342,2.44,6022369,-1.89,6022404
6033977,157.84,6034054,-1.40,6034086,-2.44,6034123
6045650,137.33,6045729,-5.07,6045755,-1.83,6045790
6057332,131.90,6057409,-4.46,6057441,-1.53,6057478
6069046,150.33,6069124,-7.81,6069151,-3.85,6069186
6080720,148.80,6080797,-3.36,6080829,-4.33,6080866
6092409,157.90,6092488,0.43,6092514,-4.94,6092549
6151074,205.75,6151159,2.75,6151192,-12.08,6151230
6163527,232.42,6163610,8.24,6163643,-14.28,6163681
6175188,231.45,6175261,3.48,6175287,-12.94,6175324
6186843,193.30,6186926,0.92,6186966,-8.67,6187003
6198529,192.02,6198602,0.00,6198628,-9.89,6198663
6225128,225.95,6225211,8.85,6225244,-8.42,6225281
6236825,184.27,6236898,6.10,6236924,-1.10,6236967
6248511,179.75,6248594,5.13,6248627,-2.01,6248663
6260179,185.30,6260251,0.61,6260278,-2.44,6260313
6271834,171.51,6271917,3.54,6271958,-5.49,6271995
6300812,214.72,6300885,7.63,6300912,-3.91,6300958
6312474,189.94,6312557,5.00,6312589,-2.14,6312626
6324269,194.89,6324342,2.14,6324368,-4.58,6324403
6336046,178.34,6336129,5.98,6336162,-0.06,6336198
6347853,172.67,6347925,5.43,6347960,1.77,6347994
6359608,187.93,6359691,0.49,6359724,-0.12,6359760
6371398,158.14,6371471,-2.44,6371497,1.16,6371532
6383176,169.37,6383259,-0.49,6383292,0.31,6383328
6394958,157.53,6395031,6.35,6395057,0.79,6395092
6406722,171.81,6406805,7.20,6406838,-3.72,6406875
6426342,134.40,6426415,2.93,6426441,1.53,6426476
6437981,122.13,6438064,1.16,6438097,-1.10,6438134
6449756,103.45,6449829,-3.36,6449855,-1.22,6449890
6461508,72.20,6461589,-4.39,6461621,-2.32,6461658
6473328,61.10,6473399,-3.48,6473425,-0.85,6473460
6485081,33.45,6485162,-2.81,6485195,0.61,6485231
6496880,15.75,6496959,-2.44,6496985,0.24,6497020
6508650,-2.20,6508729,-2.93,6508762,2.01,6508799
6520437,-19.10,6520508,-2.75,6520535,0.73,6520569
6532215,-33.57,6532297,-1.40,6532329,0.43,6532366
6558971,-59.63,6559042,-1.83,6559069,2.01,6559103
6578585,-71.53,6578666,-0.43,6578698,-0.43,6578735
6590261,-77.03,6590332,0.12,6590358,-0.06,6590393
6602022,-83.86,6602103,-0.79,6602135,-0.24,6602172
6613815,-93.44,6613886,-0.18,6613912,-1.83,6613955
6625580,-104.19,6625663,-0.61,6625696,-0.37,6625733
6637368,-112.24,6637441,0.49,6637468,0.61,6637502
6649149,-124.39,6649233,0.85,6649265,-0.85,6649302
6660969,-132.75,6661042,1.10,6661068,-3.05,6661103
6672720,-146.61,6672803,1.46,6672836,-3.78,6672873
6684496,-155.21,6684569,1.28,6684596,-3.48,6684631
6713601,-175.42,6713685,-2.81,6713717,-2.38,6713754
6725215,-188.54,6725288,-1.40,6725315,-1.16,6725350
6736958,-177.73,6737041,-2.81,6737074,-4.52,6737110
6748722,-183.59,6748795,-1.89,6748822,-5.07,6748857
6760453,-186.89,6760536,0.00,6760569,-2.56,6760606
6772186,-179.50,6772258,-2.01,6772285,-0.67,6772320
6783909,-174.93,6783999,-4.76,6784032,0.43,6784069
6795675,-176.39,6795748,-6.10,6795775,1.71,6795810
6807412,-154.54,6807495,-3.85,6807528,-2.32,6807565
6819172,-164.25,6819246,-5.92,6819272,-1.28,6819307
6838769,-155.09,6838852,-14.28,6838887,2.44,6838923
6850409,-142.33,6850482,-11.35,6850511,3.36,6850546
6862142,-140.99,6862225,-10.62,6862259,3.54,6862296
6873909,-131.59,6873989,-8.79,6874015,3.85,6874050
6900548,-131.23,6900631,-8.18,6900664,6.10,6900701
6912302,-137.33,6912375,-7.69,6912402,4.58,6912437
6924054,-129.76,6924137,-3.85,6924170,2.93,6924207
6935833,-131.71,6935906,-2.20,6935933,-0.55,6935973
6947555,-144.90,6947638,-2.81,6947670,-0.61,6947707
6959328,-137.39,6959401,-2.50,6959427,2.87,6959462
6978984,-146.48,6979067,-0.18,6979099,7.02,6979136
6990611,-158.14,6990684,-0.73,6990711,9.09,6990746
7002328,-168.46,7002411,-1.46,7002444,8.73,7002480
7014092,-179.81,7014165,0.98,7014191,7.32,7014226
7025852,-159.36,7025935,-0.49,7025976,6.59,7026013
7037597,-165.95,7037670,-0.61,7037696,8.24,7037731
7049351,-163.15,7049434,0.55,7049467,8.36,7049504
7061133,-165.04,7061206,9.89,7061232,8.36,7061267
7072866,-155.33,7072956,5.49,7072989,10.68,7073027
7084630,-150.15,7084702,1.28,7084729,9.03,7084764
7113737,-92.10,7113818,0.06,7113851,9.64,7113887
7125371,-51.39,7125442,1.95,7125468,6.84,7125503
7137095,-7.75,7137174,0.55,7137207,6.16,7137243
7148911,20.32,7148989,1.65,7149015,3.85,7149050
7160657,35.16,7160738,1.16,7160771,2.14,7160807
7172391,41.38,7172462,1.46,7172489,-0.98,7172523
7184128,42.18,7184209,3.91,7184242,-6.47,7184279
7195894,45.47,7195972,4.94,7195998,-14.77,7196035
7207627,45.59,7207708,7.32,7207741,-15.56,7207779
7234357,54.50,7234428,12.33,7234456,-12.88,7234493
7262227,36.93,7262317,3.42,7262349,8.12,7262386
7274744,44.19,7274819,0.85,7274851,20.20,7274889
7286442,52.92,7286519,0.73,7286546,26.25,7286582
7298153,49.56,7298228,0.79,7298261,22.95,7298299
7309875,26.18,7309960,-0.24,7309986,20.57,7310023
7321578,12.15,7321653,-3.11,7321685,17.27,7321724
7333307,10.74,7333384,-1.77,7333411,10.86,7333447
7345035,9.46,7345108,5.00,7345140,-8.30,7345177
7356745,9.58,7356820,3.97,7356847,-21.12,7356883
7368448,5.80,7368521,3.17,7368554,-16.91,7368593
7380156,-10.93,7380233,5.13,7380260,-8.79,7380294
7399778,-27.34,7399853,0.55,7399886,-2.14,7399923
7411369,-19.96,7411447,-2.14,7411473,-0.31,7411508
7423075,-14.65,7423150,-0.06,7423182,0.00,7423218
7434807,-12.88,7434884,-1.16,7434911,0.37,7434951
7446519,-18.68,7446594,2.56,7446627,2.08,7446663
7458234,-28.08,7458311,12.88,7458339,6.10,7458374
7469960,-37.23,7470035,18.01,7470069,15.81,7470108
7481683,-31.86,7481760,21.42,7481788,24.11,7481825
7493411,-26.00,7493486,19.47,7493520,23.44,7493559
7505142,-24.29,7505219,12.51,7505247,21.91,7505284
7534275,-63.96,7534350,-23.86,7534384,-14.47,7534423
7545864,-4.94,7545939,-45.17,7545976,-41.44,7546013
7572535,70.56,7572609,-23.68,7572644,-16.66,7572683
7584286,13.92,7584364,-9.03,7584390,-7.57,7584425
7596022,13.67,7596097,-5.98,7596130,-9.22,7596167
7607747,27.10,7607824,-10.44,7607853,-15.99,7607889
7619470,14.53,7619545,-9.52,7619577,-16.30,7619616
7631184,15.50,7631261,-6.41,7631288,-18.13,7631325
7642887,21.85,7642968,-8.79,7643001,-24.60,7643040
7654628,24.29,7654705,-14.04,7654733,-30.33,7654770
7674278,8.36,7674352,-18.01,7674386,-27.77,7674425
7685896,5.92,7685980,-14.04,7686008,-19.41,7686045
7697618,5.19,7697691,-14.22,7697726,-15.01,7697764
7709353,8.79,7709428,-18.37,7709456,-21.12,7709493
7721097,16.05,7721171,-16.72,7721206,-23.32,7721245
7732818,13.85,7732895,-6.29,7732922,-20.14,7732966
7744531,11.54,7744606,4.76,7744639,-15.08,7744677
7756271,23.01,7756348,8.48,7756374,-15.44,7756411
7767996,35.58,7768071,13.55,7768106,-19.59,7768144
7779747,41.87,7779824,19.29,7779852,-17.94,7779889
7799408,35.71,7799483,9.03,7799516,-16.24,7799554
7810983,27.28,7811060,0.43,7811087,-14.53,7811123
7822664,19.65,7822739,-0.67,7822772,-10.50,7822810
7834350,14.10,7834427,1.59,7834454,-5.37,7834489
7846041,11.05,7846116,3.30,7846148,-0.67,7846185
7857718,9.52,7857793,-2.69,7857820,-0.73,7857854
7869382,2.81,7869455,-8.36,7869488,-1.34,7869525
7881083,2.75,7881158,-1.83,7881185,3.23,7881220
7907767,-15.93,7907843,4.15,7907875,7.69,7907912
7919451,-17.09,7919528,-8.54,7919555,1.34,7919590
7948548,-7.32,7948622,-1.83,7948655,-0.55,7948691
7960119,-5.86,7960194,6.84,7960221,9.83,7960256
7971800,0.18,7971873,13.55,7971907,15.08,7971951
7983497,-0.79,7983572,20.51,7983600,20.02,7983636
7995208,-4.46,7995281,19.47,7995316,19.78,7995354
8006889,-15.44,8006972,18.49,8007000,19.23,8007037
8018593,-23.80,8018668,14.10,8018702,17.58,8018741
8030314,-31.68,8030392,3.72,8030418,9.58,8030453
8042009,-14.95,8042084,1.04,8042117,6.10,8042153
8053718,15.08,8053795,3.17,8053821,-8.67,8053856
8073362,51.45,8073437,11.84,8073472,-10.13,8073510
8084991,2.08,8085066,15.81,8085094,-3.85,8085129
8096680,-5.31,8096753,12.94,8096788,-4.70,8096824
8108367,16.36,8108444,7.81,8108471,-7.93,8108506
8120074,49.44,8120150,7.26,8120182,-6.84,8120219
8131759,52.98,8131836,6.71,8131862,0.49,8131897
8143444,26.31,8143519,4.09,8143551,13.18,8143590
8155140,18.55,8155217,8.73,8155244,18.62,8155280
8166814,27.95,8166889,15.14,8166923,11.84,8166970
8178520,-1.34,8178595,2.20,8178622,4.21,8178656
8190222,8.24,8190295,-4.64,8190328,1.34,8190365
8208817,23.86,8208894,5.07,8208921,4.33,8208963
8235341,-8.18,8235415,-1.22,8235447,8.24,8235484
8247040,-11.90,8247117,-3.54,8247143,17.94,8247180
8258749,18.86,8258824,-6.16,8258857,22.77,8258895
8270453,33.33,8270530,-8.85,8270557,20.57,8270593
8282132,31.31,8282207,-11.17,8282242,11.11,8282281
8293845,14.59,8293922,-18.49,8293958,-1.89,8293993
8305547,18.68,8305622,-6.16,8305655,-6.04,8305692
8317254,21.79,8317331,7.81,8317357,-1.65,8317392
8328976,13.37,8329051,14.40,8329085,1.65,8329122
8360918,10.44,8361010,12.33,8361039,-3.42,8361074
8373326,4.64,8373399,4.21,8373432,-5.43,8373469
8384990,5.13,8385066,-7.51,8385092,-3.48,8385127
8396670,10.19,8396745,-15.81,8396780,-5.49,8396817
8408335,14.95,8408412,-20.87,8408440,-8.61,8408475
8420005,24.48,8420080,-34.73,8420115,-13.43,8420154
8431694,15.87,8431771,-46.75,8431800,-11.84,8431837
8443348,-22.16,8443423,-57.92,8443457,16.60,8443496
8455009,-11.35,8455086,-78.06,8455114,-12.70,8455151
8466696,10.50,8466771,-62.99,8466805,-12.82,8466844
8486168,-6.90,8486244,-13.06,8486272,-4.21,8486307
8497808,22.89,8497883,-14.16,8497918,-6.04,8497962
8509578,19.35,8509655,1.89,8509681,-10.56,8509718
8521361,4.82,8521434,12.33,8521469,-17.40,8521507
8533156,-0.49,8533231,26.25,8533259,-9.40,8533294
8544909,-0.12,8544989,47.97,8545023,-1.71,8545060
8556681,1.28,8556756,54.32,8556784,1.10,8556819
8583409,-4.76,8583483,24.60,8583517,20.08,8583555
8595186,-3.85,8595261,4.94,8595288,24.66,8595324
8606981,-4.15,8607054,-7.81,8607087,21.06,8607126
8618802,-12.70,8618879,3.54,8618905,9.77,8618940
8634113,0.61,8634186,14.10,8634220,7.08,8634257
8645775,-2.44,8645850,13.24,8645879,5.80,8645913
8657525,0.43,8657599,-0.85,8657631,0.79,8657668
8669296,-11.54,8669373,-19.23,8669401,0.18,8669436
8681074,-22.46,8681149,-25.02,8681183,-4.03,8681220
8692850,-22.09,8692927,-9.58,8692961,4.09,8692996
8704619,-14.53,8704695,12.39,8704729,5.49,8704766
8716398,-9.22,8716474,12.51,8716502,10.56,8716539
8728172,-9.52,8728246,10.19,8728280,9.83,8728317
8739965,-12.21,8740043,22.28,8740071,6.90,8740105
8769065,-11.41,8769140,59.69,8769174,-1.34,8769211
8780718,-5.49,8780793,56.82,8780822,-4.94,8780857
8792469,0.43,8792542,53.04,8792577,-7.02,8792613
8804262,-5.19,8804338,49.07,8804366,-9.16,8804401
8816042,-4.64,8816115,44.74,8816150,-11.29,8816188
8827821,-4.46,8827896,36.93,8827925,-7.81,8827967
8839598,-0.73,8839671,35.22,8839706,-8.18,8839743
8851378,4.39,8851453,39.55,8851482,-6.23,8851516
8863148,3.91,8863222,43.82,8863256,-2.38,8863293
8874932,-3.78,8875016,46.14,8875044,5.43,8875079
8894543,-5.25,8894616,62.93,8894651,7.20,8894687
8921184,-7.81,8921260,74.46,8921288,10.13,8921324
8932930,14.40,8933011,53.96,8933045,6.90,8933082
8944681,-13.24,8944758,59.57,8944787,12.63,8944823
8956437,-6.84,8956510,83.98,8956545,12.27,8956583
8968177,-6.84,8968252,101.07,8968282,8.73,8968317
8979925,-8.85,8980005,117.31,8980041,6.53,8980078
8991683,-0.61,8991758,134.40,8991788,4.21,8991823
9003426,-0.85,9003499,136.66,9003535,2.26,9003572
9015195,-2.75,9015270,135.13,9015301,5.86,9015335
9034819,-5.49,9034893,152.53,9034929,1.46,9034973
9046449,-0.61,9046525,159.61,9046555,-4.46,9046590
9058187,9.34,9058261,163.94,9058297,-7.51,9058334
9069932,-5.31,9070016,166.69,9070046,-5.68,9070081
9081689,-5.55,9081762,168.40,9081799,-0.73,9081835
9093439,-2.26,9093515,174.56,9093545,2.32,9093580
9105206,2.99,9105279,177.80,9105315,2.69,9105352
9116967,-8.67,9117043,171.51,9117073,3.54,9117108
9128701,-5.62,9128774,170.29,9128811,8.06,9128847
9140449,-6.10,9140525,167.11,9140555,9.46,9140590
9161682,1.53,9161755,179.44,9161791,12.57,9161830
9181319,1.34,9181395,193.66,9181425,13.67,9181462
9192932,-0.43,9193011,185.42,9193047,8.30,9193084
9204679,-10.19,9204756,168.40,9204786,5.31,9204820
9216444,-11.23,9216519,160.83,9216555,7.75,9216592
9228213,-6.65,9228289,154.97,9228319,10.99,9228355
9254909,-2.56,9254989,139.40,9255025,2.81,9255062
9266669,-0.55,9266744,128.05,9266774,4.58,9266809
9278432,-9.83,9278506,107.60,9278542,14.10,9278580
9290177,-5.31,9290252,98.21,9290280,21.55,9290317
9301925,2.26,9302005,100.89,9302041,23.44,9302079
9321588,-1.22,9321663,103.03,9321693,15.32,9321729
9333224,-1.53,9333297,104.49,9333333,8.61,9333370
9344991,2.87,9345066,106.08,9345096,5.13,9345131
9356749,-2.81,9356822,97.90,9356856,7.32,9356893
9368484,1.71,9368559,94.30,9368587,8.48,9368622
9380217,3.78,9380290,87.95,9380325,10.01,9380363
9391982,4.21,9392057,78.92,9392085,11.05,9392122
9403746,0.85,9403819,68.54,9403853,8.42,9403890
9415470,1.53,9415545,60.67,9415573,5.92,9415608
9427208,2.14,9427281,51.82,9427316,5.43,9427352
9490679,-10.31,9490764,-23.32,9490793,6.47,9490827
9503165,-11.05,9503240,-42.54,9503274,8.73,9503311
9514873,-8.54,9514957,-53.71,9514985,8.00,9515020
9526592,-5.62,9526665,-61.40,9526700,2.14,9526736
9538318,-5.13,9538393,-69.21,9538422,-0.61,9538457
9550033,-3.36,9550106,-76.54,9550141,0.61,9550177
9561747,-0.98,9561823,-88.62,9561851,3.17,9561886
9573451,7.26,9573524,-100.22,9573560,8.91,9573597
9585147,15.20,9585224,-114.69,9585254,10.13,9585290
9596863,19.59,9596939,-128.42,9596982,9.34,9597019
9640925,20.69,9641009,-169.13,9641039,-0.49,9641074
9652517,19.78,9652592,-177.00,9652628,-5.37,9652665
9664232,14.77,9664309,-187.99,9664339,-6.04,9664374
9675967,16.66,9676042,-189.88,9676079,-5.92,9676116
9687701,15.87,9687778,-192.38,9687808,-3.85,9687843
9699413,22.40,9699488,-184.20,9699525,-8.36,9699562
9711147,21.91,9711224,-183.23,9711254,-10.50,9711290
9722872,22.40,9722955,-183.78,9722992,-0.55,9723028
9734587,19.71,9734664,-186.89,9734695,3.60,9734729
9746313,12.88,9746388,-184.69,9746425,8.48,9746461
9765978,16.24,9766055,-171.94,9766086,8.91,9766120
9777594,17.64,9777669,-166.32,9777705,9.70,9777742
9789307,16.24,9789384,-166.02,9789414,7.75,9789449
9801046,17.40,9801121,-167.36,9801158,11.54,9801196
9812791,18.86,9812868,-171.94,9812898,11.23,9812935
9824496,21.06,9824571,-170.90,9824607,3.60,9824644
9836252,33.45,9836329,-165.95,9836360,0.31,9836394
9847991,27.22,9848066,-159.30,9848102,-1.40,9848138
9859718,20.94,9859795,-154.54,9859825,0.98,9859860
9871483,20.45,9871557,-141.60,9871594,9.40,9871630
9891123,28.02,9891200,-118.04,9891230,13.98,9891266
9902718,26.18,9902793,-108.95,9902829,15.20,9902867
9914421,18.07,9914498,-101.93,9914528,14.59,9914565
9926146,9.83,9926220,-95.95,9926254,17.33,9926293
9937878,6.23,9937961,-102.23,9937991,17.52,9938028
9964531,18.31,9964606,-117.74,9964643,8.48,9964680
9976267,12.70,9976343,-127.50,9976374,11.54,9976410
9988014,10.38,9988089,-133.00,9988125,12.15,9988164
9999735,9.64,9999810,-137.27,9999841,3.97,9999876
10011455,10.01,10011530,-139.04,10011566,-2.62,10011604
10048574,22.09,10048651,-106.87,10048682,10.25,10048718
10060142,10.13,10060217,-100.95,10060253,15.32,10060292
10071839,3.60,10071915,-102.72,10071953,11.41,10071989
10083529,2.32,10083603,-112.43,10083639,7.87,10083676
10095257,7.81,10095333,-129.27,10095363,4.15,10095398
10106928,9.83,10107009,-142.88,10107046,3.91,10107083
10118621,9.40,10118696,-157.35,10118727,1.59,10118762
10130320,18.55,10130395,-140.26,10130432,3.54,10130469
10142021,18.80,10142098,-129.88,10142128,3.54,10142164
10161690,3.91,10161763,-103.58,10161800,7.02,10161836
10173271,13.49,10173348,-101.99,10173379,8.24,10173414
10184964,26.06,10185039,-100.71,10185076,9.95,10185113
10196671,18.13,10196748,-93.87,10196777,7.57,10196812
10208366,25.27,10208441,-81.85,10208476,6.53,10208513
10220066,28.08,10220143,-72.20,10220172,7.63,10220207
10231774,37.05,10231849,-64.09,10231884,10.74,10231922
10243479,30.76,10243556,-66.71,10243585,14.28,10243622
10255174,23.99,10255249,-70.92,10255284,11.35,10255322
10266871,24.05,10266956,-74.22,10266985,8.97,10267019
10301485,8.61,10301559,-80.08,10301593,6.90,10301630
10313061,0.18,10313136,-88.56,10313165,3.91,10313200
10324747,10.50,10324822,-83.80,10324856,7.08,10324893
10336435,16.30,10336512,-73.36,10336541,5.07,10336576
10348133,33.81,10348208,-65.80,10348243,5.43,10348280
10359815,32.84,10359893,-65.00,10359921,10.13,10359965
10371510,29.42,10371585,-67.75,10371620,6.35,10371657
10383209,32.29,10383286,-67.02,10383315,6.77,10383350
10394875,33.02,10394956,-71.29,10394991,7.81,10395027
10414993,5.25,10415068,-77.64,10415097,-3.66,10415132
10426558,-8.36,10426631,-78.49,10426666,-12.70,10426705
10438249,-8.54,10438324,-76.48,10438353,-16.30,10438390
10459411,-9.46,10459485,-73.12,10459519,-13.79,10459558
10471112,-11.23,10471190,-79.65,10471219,-5.92,10471254
10482811,-0.55,10482884,-87.65,10482919,-13.55,10482966
10494501,5.07,10494576,-93.38,10494605,-19.47,10494642
10506190,5.37,10506263,-88.81,10506298,-21.85,10506337
10517856,-2.93,10517932,-89.29,10517969,-17.46,10518006
10529562,1.59,10529635,-83.37,10529670,-12.08,10529709
10552036,14.16,10552121,-74.40,10552150,-5.13,10552185
10564451,13.49,10564526,-83.98,10564561,-9.70,10564598
10576115,26.86,10576192,-94.67,10576221,-13.67,10576258
10587786,14.77,10587861,-96.07,10587896,-8.97,10587933
10599453,12.08,10599531,-88.20,10599559,-2.44,10599594
10611119,7.93,10611193,-86.61,10611227,0.06,10611264
10622798,9.77,10622874,-94.12,10622902,-5.49,10622937
10649423,10.80,10649498,-96.98,10649533,-16.66,10649572
10661095,15.81,10661173,-89.17,10661202,-9.16,10661237
10680690,27.77,10680765,-66.10,10680800,7.26,10680837
10692326,18.49,10692403,-68.73,10692432,7.39,10692467
10704096,10.44,10704171,-77.58,10704206,0.92,10704242
10715875,0.24,10715958,-83.86,10715987,-4.58,10716022
10727636,-3.54,10727710,-83.25,10727745,-0.06,10727782
10739417,-4.21,10739492,-81.18,10739521,10.01,10739557
10751210,-1.53,10751284,-83.44,10751319,13.24,10751357
10762998,6.16,10763074,-70.31,10763102,4.70,10763137
10774762,17.76,10774838,-59.51,10774873,-11.47,10774912
10794383,24.84,10794461,-46.33,10794489,-29.11,10794526
10806034,24.96,10806109,-48.16,10806144,-24.11,10806183
10817807,28.26,10817884,-46.08,10817913,-16.91,10817956
10829575,27.04,10829650,-51.09,10829685,-12.63,10829724
10841344,18.19,10841421,-58.41,10841450,-16.54,10841487
10862592,-18.68,10862667,-93.02,10862702,-17.09,10862741
10874378,-23.68,10874455,-96.92,10874484,-8.12,10874520
10886160,-12.57,10886235,-86.91,10886270,1.65,10886307
10897952,-1.77,10898027,-83.13,10898056,3.42,10898091
10917587,0.61,10917661,-84.47,10917696,-2.32,10917733
10929229,-3.97,10929305,-78.61,10929334,2.14,10929368
10941000,-12.21,10941076,-79.22,10941111,3.60,10941148
10952784,-17.27,10952861,-81.42,10952890,-0.55,10952925
10979509,-10.74,10979584,-75.38,10979619,0.61,10979656
10991286,-11.35,10991363,-77.15,10991392,3.54,10991427
11003067,-12.45,11003142,-74.95,11003177,10.86,11003216
11014864,-4.33,11014939,-63.54,11014976,19.23,11015013
11026629,7.63,11026703,-50.72,11026737,21.00,11026775
11038426,11.72,11038503,-37.72,11038532,12.33,11038569
11058077,0.98,11058150,-28.14,11058185,5.62,11058222
11069714,-1.89,11069790,-26.18,11069819,8.61,11069854
11081439,-7.14,11081513,-26.00,11081547,15.38,11081586
11093186,-8.30,11093261,-19.84,11093290,19.90,11093327
11104918,-5.43,11105000,-6.96,11105033,19.71,11105071
11116653,-5.49,11116729,4.52,11116755,20.02,11116792
11128409,-12.88,11128485,13.61,11128519,20.08,11128558
11140161,-20.32,11140238,19.53,11140267,13.55,11140303
11151893,-19.71,11151976,28.87,11152011,4.88,11152048
11184691,-18.49,11184768,64.03,11184797,1.34,11184832
11196311,-21.91,11196387,67.08,11196421,1.40,11196458
11208055,-24.35,11208133,72.45,11208161,3.72,11208196
11219813,-27.22,11219888,84.72,11219923,7.02,11219968
11231562,-22.03,11231640,101.44,11231670,6.71,11231705
11243301,-27.59,11243376,118.47,11243413,4.09,11243450
11255068,-34.48,11255146,129.88,11255177,3.42,11255212
11266825,-32.17,11266900,130.25,11266937,2.50,11266982
11288046,-31.49,11288124,125.85,11288154,-7.75,11288190
11299797,-34.30,11299872,130.92,11299909,-8.48,11299951
11334374,-45.53,11334452,129.64,11334482,-10.01,11334519
11346012,-53.16,11346088,119.08,11346124,-1.46,11346161
11357749,-44.92,11357827,129.09,11357857,-1.34,11357893
11369485,-43.27,11369560,140.20,11369597,1.28,11369634
11381248,-41.93,11381325,141.66,11381356,-1.22,11381391
11392981,-40.95,11393057,138.37,11393093,-4.94,11393131
11404745,-33.57,11404822,142.27,11404853,-5.43,11404888
11416480,-28.32,11416556,148.86,11416592,-8.12,11416630
11428213,-21.48,11428291,154.30,11428321,-10.07,11428358
11447874,-22.58,11447956,154.48,11447993,-13.85,11448032
11459506,-38.88,11459584,151.43,11459614,-11.66,11459651
11471251,-43.40,11471326,157.84,11471363,-14.59,11471402
11483018,-45.65,11483096,165.47,11483126,-17.46,11483163
11494774,-41.38,11494849,167.24,11494886,-21.67,11494925
11506526,-42.36,11506603,160.28,11506634,-22.09,11506670
11518290,-33.08,11518365,155.76,11518402,-19.23,11518441
11530063,-29.60,11530140,157.17,11530171,-18.01,11530207
11541827,-23.62,11541902,163.70,11541938,-21.06,11541985
11569731,-15.50,11569816,161.01,11569846,-38.70,11569883
11582220,-25.70,11582295,145.63,11582332,-44.56,11582371
11593957,-25.82,11594034,134.77,11594065,-41.81,11594102
11605687,-18.37,11605763,129.82,11605799,-43.70,11605838
11617403,-18.37,11617481,128.30,11617511,-46.08,11617548
11629109,-18.86,11629185,130.25,11629221,-50.17,11629260
11640836,-9.52,11640912,134.40,11640942,-60.61,11640987
11667457,22.09,11667533,126.83,11667569,-93.75,11667608
11679213,17.76,11679291,127.50,11679321,-101.68,11679359
11698874,51.09,11698956,159.18,11698992,-134.03,11699033
11735770,79.41,11735847,194.70,11735878,-112.79,11735916
11747487,73.67,11747562,178.16,11747599,-84.78,11747638
11759242,61.22,11759319,154.48,11759350,-45.41,11759386
11770991,48.77,11771066,129.15,11771102,-22.77,11771141
11782720,46.39,11782798,112.18,11782828,-15.20,11782865
11794441,51.27,11794517,105.29,11794553,-10.50,11794591
11806167,55.05,11806244,104.06,11806274,-2.62,11806309
11817872,54.99,11817956,110.60,11817992,5.19,11818029
11837552,49.68,11837629,137.45,11837659,8.97,11837694
11849144,42.79,11849219,163.45,11849256,9.16,11849293
11860873,40.41,11860958,187.07,11860989,8.79,11861024
11872605,52.86,11872680,203.61,11872716,8.73,11872753
11884334,64.64,11884412,201.84,11884442,14.53,11884479
11896064,65.61,11896139,187.07,11896175,26.98,11896214
11907816,58.72,11907893,180.24,11907924,34.30,11907968
11919541,49.56,11919617,190.98,11919653,40.22,11919691
11931285,52.19,11931362,206.48,11931392,50.29,11931429
11951001,63.78,11951077,206.73,11951113,60.30,11951151
11962608,66.10,11962686,202.51,11962716,61.65,11962752
11974328,66.71,11974403,203.06,11974439,52.55,11974478
11986071,68.79,11986148,210.57,11986178,52.12,11986215
11997797,74.83,11997872,235.29,11997909,57.25,11997955
12024409,69.70,12024486,243.10,12024517,30.46,12024553
12036132,62.74,12036208,229.00,12036244,17.21,12036283
12047868,52.43,12047954,210.27,12047984,6.47,12048019
12059587,42.60,12059662,211.79,12059699,3.30,12059736
12071326,48.83,12071403,231.14,12071433,-5.98,12071469
12090999,21.91,12091074,244.87,12091111,-23.56,12091150
12102587,-0.12,12102663,226.44,12102693,-18.49,12102730
12114279,6.29,12114353,210.27,12114389,-9.09,12114426
12125990,29.85,12126068,220.95,12126098,-4.33,12126133
12147158,51.27,12147233,231.26,12147270,18.31,12147308
12158847,65.98,12158925,230.59,12158963,37.35,12159000
12170551,58.47,12170627,207.70,12170663,50.48,12170701
12182261,26.61,12182338,169.86,12182368,47.91,12182405
12193976,7.39,12194050,136.78,12194086,42.36,12194125
12213663,1.34,12213738,120.48,12213768,43.21,12213805
12225248,4.15,12225321,118.53,12225358,45.72,12225397
12236958,-0.79,12237033,113.04,12237063,44.31,12237100
12248651,-13.24,12248726,99.61,12248761,34.42,12248800
12260362,-29.97,12260439,80.81,12260468,23.93,12260504
12272059,-52.19,12272135,55.42,12272169,14.53,12272208
12283775,-63.23,12283852,37.54,12283881,12.33,12283917
12295466,-40.22,12295542,45.78,12295576,14.89,12295615
12307153,-16.78,12307231,53.16,12307260,16.66,12307296
12326819,-2.08,12326893,31.68,12326927,16.36,12326974
12353353,-5.25,12353429,-2.93,12353456,11.17,12353493
12365050,-11.96,12365125,-19.65,12365160,8.54,12365197
12376766,-12.88,12376843,-33.26,12376872,9.52,12376907
12388453,-11.54,12388528,-43.95,12388563,13.49,12388602
12400142,-11.05,12400220,-52.55,12400249,15.93,12400285
12411836,-9.58,12411910,-59.33,12411953,16.48,12411991
12423542,-9.09,12423618,-65.73,12423646,14.28,12423683
12435238,-13.55,12435313,-73.55,12435348,9.09,12435385
12446965,-20.94,12447043,-83.31,12447071,2.81,12447106
12465571,-37.23,12465646,-118.10,12465683,-0.85,12465720
12477128,-35.83,12477206,-137.27,12477237,-1.04,12477272
12488827,-32.29,12488902,-145.57,12488939,-10.13,12488986
12500534,-42.60,12500612,-162.48,12500643,-21.30,12500679
12512258,-53.34,12512333,-192.99,12512370,-18.92,12512409
12523976,-55.85,12524054,-221.62,12524084,-12.33,12524121
12545155,-47.49,12545230,-237.00,12545267,-21.79,12545306
12556864,-41.56,12556941,-234.44,12556980,-33.33,12557017
12613136,-33.63,12613220,-308.59,12613256,-31.56,12613295
12625620,-25.94,12625701,-307.37,12625738,-19.71,12625777
12637295,-23.07,12637367,-306.82,12637397,4.70,12637432
12648980,-18.92,12649061,-293.88,12649098,10.99,12649137
12660672,-22.46,12660744,-289.73,12660775,0.73,12660810
12672326,-19.53,12672407,-300.11,12672443,7.51,12672480
12684018,-18.25,12684090,-318.60,12684120,23.07,12684157
12695694,-12.08,12695775,-322.14,12695812,31.98,12695851
12707359,-9.95,12707429,-318.73,12707460,31.07,12707496
12741803,-4.33,12741883,-283.57,12741920,33.87,12741967
12753464,1.40,12753534,-266.60,12753564,42.11,12753601
12765231,10.31,12765312,-257.57,12765349,47.79,12765388
12777020,6.23,12777090,-256.04,12777120,57.98,12777157
12788793,-12.33,12788874,-256.04,12788911,73.55,12788956
12800574,-12.57,12800646,-253.91,12800676,69.76,12800713
12812354,-17.46,12812436,-242.68,12812473,57.07,12812512
12824156,-13.37,12824227,-228.09,12824258,49.32,12824294
12835925,12.45,12836013,-206.42,12836049,40.22,12836088
12847707,4.76,12847777,-192.44,12847808,28.50,12847844
12867320,-6.90,12867400,-174.99,12867436,13.98,12867475
12878987,-13.31,12879059,-160.22,12879089,4.82,12879124
12890752,-8.48,12890831,-147.83,12890868,13.98,12890907
12902529,12.21,12902601,-138.12,12902631,29.24,12902668
12914309,7.87,12914389,-150.63,12914425,26.73,12914464
12926092,-1.53,12926161,-165.28,12926192,27.40,12926229
12937875,3.72,12937962,-167.48,12937999,26.18,12938038
12949646,24.78,12949718,-166.08,12949748,20.57,12949785
12961410,36.56,12961491,-166.44,12961528,24.29,12961567
12981079,63.23,12981151,-140.69,12981181,22.83,12981218
13002181,110.23,13002264,-85.51,13002299,25.70,13002337
13013964,89.11,13014036,-87.59,13014064,25.39,13014101
13025728,37.54,13025810,-117.19,13025846,18.07,13025885
13037517,12.39,13037588,-132.69,13037619,2.56,13037654
13064243,-1.28,13064323,-153.38,13064360,22.77,13064398
13076048,8.48,13076117,-129.58,13076148,43.27,13076184
13087829,6.71,13087908,-118.96,13087953,59.51,13087992
13099608,-5.74,13099678,-116.94,13099709,61.71,13099745
13119247,11.78,13119329,-113.28,13119365,29.42,13119404
13130880,22.46,13130959,-117.80,13130989,3.17,13131024
13142618,21.61,13142700,-119.14,13142736,-10.80,13142775
13154380,34.42,13154451,-105.29,13154482,-5.31,13154517
13166115,40.77,13166196,-105.59,13166232,-7.26,13166270
13177876,40.95,13177955,-105.04,13177985,1.04,13178020
13189609,29.30,13189690,-101.62,13189727,4.76,13189764
13201371,4.82,13201440,-101.99,13201471,10.38,13201507
13213108,-20.32,13213189,-99.85,13213224,22.22,13213263
13232764,-23.80,13232835,-78.06,13232864,5.86,13232899
13244348,-26.55,13244429,-72.75,13244464,-6.29,13244501
13256094,-14.16,13256165,-72.20,13256194,-12.94,13256231
13267843,-5.19,13267923,-75.81,13267965,-20.69,13268004
13279588,0.12,13279657,-72.33,13279686,-27.71,13279723
13291311,-4.15,13291391,-68.48,13291426,-30.40,13291464
13303077,-0.67,13303146,-66.16,13303175,-43.76,13303212
13314824,-1.59,13314904,-68.36,13314939,-53.34,13314985
13326580,-8.48,13326650,-76.84,13326679,-51.64,13326716
13346214,-27.22,13346295,-99.30,13346330,-39.43,13346369
13357838,-26.25,13357910,-98.14,13357939,-27.71,13357984
13369578,-20.75,13369660,-83.56,13369695,-16.78,13369734
13396291,-3.42,13396360,-51.39,13396389,-2.26,13396424
13417502,8.61,13417582,-42.66,13417616,16.54,13417655
13429272,10.31,13429343,-40.59,13429371,20.81,13429408
13441019,7.51,13441099,-42.42,13441133,16.17,13441172
13452786,3.97,13452856,-45.23,13452884,13.61,13452921
13464522,4.70,13464602,-46.39,13464636,14.47,13464675
13476296,4.94,13476365,-46.75,13476394,13.61,13476430
13495944,0.61,13496031,-34.30,13496066,4.88,13496103
13507587,2.26,13507657,-28.93,13507685,4.09,13507720
13519328,0.49,13519407,-20.87,13519442,4.39,13519479
13531096,-0.37,13531166,-12.63,13531194,-1.53,13531229
13542843,-2.87,13542923,-8.24,13542964,-4.15,13543001
13554587,-1.71,13554656,-5.68,13554683,-7.39,13554718
13566328,-2.75,13566407,-2.99,13566440,-8.73,13566477
13578098,-6.29,13578168,2.69,13578195,-11.78,13578232
13589836,-8.85,13589916,11.72,13589958,-9.58,13589995
13617719,-5.80,13617797,30.40,13617825,-3.05,13617860
13630190,-5.19,13630270,35.46,13630305,-0.43,13630342
13641914,-8.18,13641992,46.45,13642020,1.34,13642055
13653625,-11.66,13653707,65.67,13653741,4.52,13653778
13665366,-18.37,13665438,89.42,13665466,10.13,13665503
13677080,-27.04,13677161,114.50,13677198,15.26,13677236
13688832,-27.89,13688904,129.82,13688934,13.85,13688979
13700544,-29.54,13700626,130.92,13700662,5.31,13700699
13712284,-29.72,13712355,125.37,13712386,-5.62,13712421
13746865,-47.00,13746954,122.74,13746991,-4.94,13747028
13758483,-47.36,13758554,129.76,13758585,1.04,13758620
13770201,-51.33,13770283,136.05,13770319,5.55,13770356
13781930,-58.29,13782009,148.86,13782040,7.81,13782075
13793649,-54.63,13793731,160.34,13793767,9.40,13793804
13805382,-46.39,13805454,173.40,13805484,11.54,13805521
13817103,-45.04,13817184,184.69,13817221,16.66,13817260
13838334,-37.78,13838405,190.67,13838436,10.93,13838472
13850046,-37.17,13850128,192.87,13850165,4.46,13850202
13861774,-30.64,13861845,191.77,13861876,8.18,13861911
13881416,-7.63,13881496,180.79,13881532,5.92,13881569
13893029,-13.24,13893100,173.52,13893131,8.12,13893166
13904747,1.59,13904827,168.95,13904863,7.20,13904900
13916469,2.93,13916539,165.10,13916569,11.66,13916606
13928179,-1.28,13928259,166.32,13928296,17.33,13928334
13939912,-4.58,13939987,165.28,13940018,29.36,13940054
13951632,-23.07,13951714,156.74,13951750,44.56,13951789
13963371,-30.40,13963442,164.31,13963472,46.45,13963509
13975092,-44.01,13975173,173.77,13975210,27.34,13975249
13994787,-27.34,13994859,156.80,13994889,10.50,13994926
14006364,-19.78,14006446,150.94,14006482,4.58,14006519
14018100,-11.90,14018172,147.09,14018202,-0.61,14018237
14029834,-1.46,14029914,157.41,14029959,-8.18,14029996
14041570,4.70,14041639,162.72,14041670,-13.61,14041706
14053286,5.07,14053365,155.21,14053402,-15.44,14053440
14080009,-5.68,14080078,132.75,14080109,-7.75,14080144
14091744,-6.10,14091823,132.63,14091860,-0.85,14091897
14103470,-17.58,14103541,131.35,14103571,-1.71,14103607
14123145,-35.95,14123227,115.54,14123264,3.72,14123301
14134721,-35.40,14134792,102.54,14134822,2.38,14134858
14146389,-39.43,14146471,78.12,14146505,1.65,14146542
14158101,-38.88,14158172,51.33,14158201,3.91,14158236
14169784,-19.84,14169865,37.60,14169900,9.77,14169937
14181468,-9.16,14181537,30.94,14181565,21.24,14181602
14193147,-2.26,14193227,32.41,14193261,21.61,14193300
14204846,-2.08,14204915,34.24,14204952,17.03,14204988
14216527,-2.81,14216607,21.67,14216641,14.77,14216680
14237730,42.30,14237801,7.63,14237828,11.29,14237865
14257356,56.58,14257438,-12.63,14257473,9.40,14257509
14268957,59.94,14269028,-21.67,14269057,10.74,14269093
14280634,57.13,14280715,-24.72,14280750,17.46,14280789
14292358,52.25,14292429,-21.18,14292457,21.42,14292494
14304056,48.77,14304137,-21.42,14304172,20.02,14304210
14315767,50.35,14315838,-24.66,14315867,18.25,14315904
14327446,47.49,14327528,-26.49,14327562,17.88,14327601
14339153,37.78,14339225,-23.07,14339253,17.76,14339290
14350834,21.97,14350915,-21.67,14350958,19.65,14350997
14370497,17.27,14370568,-23.13,14370597,16.66,14370633
14382064,7.81,14382143,-23.44,14382178,15.81,14382217
14408720,-18.43,14408791,-18.68,14408820,13.37,14408857
14420390,-32.78,14420471,-23.80,14420506,13.98,14420545
14432104,-38.88,14432175,-24.90,14432204,12.70,14432241
14443788,-42.24,14443869,-24.72,14443904,12.63,14443943
14455497,-38.27,14455568,-21.55,14455597,14.53,14455634
14467211,-25.45,14467292,-16.05,14467327,13.55,14467366
14478916,-5.86,14478994,-13.67,14479022,10.93,14479059
14499133,21.42,14499214,-5.19,14499247,4.03,14499284
14510725,12.08,14510796,-7.14,14510823,3.54,14510858
14522382,-1.16,14522461,-11.54,14522496,3.91,14522533
14534086,-6.84,14534156,-12.45,14534184,2.75,14534219
14545763,-1.46,14545843,-12.08,14545877,4.09,14545914
14557446,-9.28,14557516,-12.88,14557544,0.49,14557579
14569119,-10.07,14569200,-13.31,14569235,0.61,14569272
14580827,-5.80,14580897,-10.99,14580925,2.99,14580968
14592496,-11.23,14592578,-7.32,14592611,3.42,14592648
14604220,-10.86,14604291,-2.56,14604318,6.04,14604353
14626673,-8.48,14626761,7.26,14626794,6.84,14626831
14639128,-10.93,14639203,7.93,14639237,6.16,14639274
14660286,-5.68,14660362,10.07,14660390,4.15,14660425
14671960,-12.02,14672035,12.88,14672070,1.71,14672107
14683628,-5.86,14683704,12.57,14683732,1.40,14683767
14695301,-2.87,14695375,9.70,14695408,0.37,14695445
14706990,-1.22,14707066,6.96,14707093,2.08,14707128
14718670,-1.16,14718744,2.26,14718777,2.87,14718814
14730324,-0.31,14730399,0.06,14730426,2.26,14730461
14756965,13.43,14757041,-0.79,14757073,-0.98,14757110
14776456,14.04,14776533,-0.61,14776560,-2.62,14776595
14788100,-0.61,14788174,-1.71,14788207,-3.72,14788244
14799865,-9.40,14799941,-2.62,14799976,-5.49,14800011
14811629,-14.59,14811705,-5.86,14811738,-8.79,14811775
14823423,-11.60,14823501,-9.03,14823528,-12.51,14823564
14835194,-7.93,14835268,-10.07,14835302,-17.33,14835341
14846992,-12.02,14847069,-6.47,14847096,-23.25,14847133
14858767,-12.15,14858842,10.38,14858877,-26.86,14858916
14870533,-6.16,14870609,25.21,14870637,-35.22,14870674
14890157,-0.98,14890231,18.49,14890265,-47.42,14890304
14901816,-1.95,14901892,10.13,14901920,-52.43,14901965
14913592,-12.39,14913667,1.65,14913700,-58.47,14913739
14925378,-13.79,14925455,-8.67,14925482,-62.81,14925519
14937159,-12.76,14937234,-17.15,14937269,-66.22,14937308
14948954,-3.91,14949030,-21.85,14949059,-70.19,14949095
14960730,1.40,14960803,-8.00,14960836,-75.56,14960875
14972497,14.77,14972574,14.34,14972603,-84.23,14972640
14984271,28.99,14984347,26.92,14984381,-94.67,14984420
15003898,10.50,15003982,36.32,15004011,-99.61,15004047
15015554,-5.49,15015627,38.33,15015662,-100.77,15015702
15027339,-2.50,15027414,34.30,15027443,-102.72,15027481
15039121,8.85,15039195,30.40,15039229,-98.88,15039268
15060377,9.03,15060452,59.33,15060481,-120.85,15060520
15087098,-57.31,15087174,56.88,15087209,-111.57,15087249
15098898,-85.88,15098982,5.07,15099009,-97.53,15099046
15110676,-70.25,15110751,-29.11,15110786,-96.80,15110825
15122470,-48.28,15122547,-30.03,15122576,-99.61,15122613
15142127,-29.42,15142202,-41.14,15142237,-96.98,15142276
15153770,-32.10,15153847,-46.88,15153876,-99.24,15153913
15165496,-37.84,15165572,-34.06,15165607,-103.52,15165647
15177263,-18.49,15177340,-21.18,15177369,-107.18,15177408
15189018,-11.60,15189093,-27.04,15189128,-104.31,15189168
15200768,-8.36,15200844,-38.21,15200872,-100.65,15200911
15212499,-25.02,15212574,-59.94,15212609,-90.76,15212648
15224262,-29.91,15224340,-72.63,15224369,-85.94,15224406
15236012,-8.67,15236086,-69.21,15236121,-85.45,15236159
15255665,18.19,15255743,-54.57,15255771,-106.02,15255810
15267292,11.78,15267368,-58.59,15267402,-111.51,15267443
15279046,23.38,15279123,-62.26,15279152,-113.40,15279190
15290810,37.41,15290885,-66.04,15290920,-111.21,15290969
15302562,26.49,15302640,-69.89,15302669,-99.00,15302705
15314313,-4.88,15314387,-67.08,15314421,-84.72,15314460
15326073,-32.78,15326150,-42.30,15326179,-85.39,15326216
15337838,-30.70,15337913,-19.65,15337956,-84.17,15337995
15349611,-20.94,15349689,-4.46,15349716,-88.13,15349752
15369259,7.26,15369333,-13.24,15369368,-93.81,15369406
15380882,-23.86,15380967,-19.47,15380995,-76.23,15381032
15392637,-21.73,15392712,-22.89,15392747,-68.24,15392786
15419346,10.56,15419423,0.98,15419450,-104.31,15419488
15431112,13.43,15431187,8.61,15431220,-102.84,15431261
15442871,-1.16,15442955,7.63,15442982,-100.95,15443020
15454622,-22.09,15454697,2.56,15454730,-106.93,15454771
15466371,-20.57,15466448,4.39,15466475,-115.91,15466514
15487598,20.87,15487674,-2.38,15487706,-122.13,15487747
15507256,57.80,15507334,-7.81,15507361,-131.29,15507399
15518886,61.71,15518968,-2.01,15519001,-132.69,15519042
15530644,43.40,15530721,-0.24,15530748,-137.27,15530786
15542400,13.73,15542475,-4.64,15542508,-136.54,15542549
15554177,-6.35,15554253,-3.97,15554280,-129.58,15554318
15565915,-17.09,15565997,-1.22,15566030,-118.23,15566071
15577681,-21.24,15577758,-5.13,15577785,-112.12,15577824
15589453,-5.55,15589527,-10.31,15589561,-103.58,15589602
15601213,18.25,15601290,-8.42,15601317,-101.38,15601356
15612996,26.55,15613072,-5.13,15613104,-97.84,15613143
15678264,-26.25,15678350,11.41,15678379,-74.95,15678415
15690739,-30.27,15690814,-3.85,15690848,-69.95,15690886
15702514,-22.28,15702591,-13.55,15702620,-70.25,15702657
15714256,-12.76,15714331,-15.75,15714366,-67.93,15714405
15725998,-3.23,15726074,-14.22,15726103,-72.88,15726140
15737722,2.20,15737796,-11.47,15737830,-78.31,15737869
15749437,-12.82,15749515,-4.58,15749542,-77.45,15749579
15761151,-32.90,15761226,1.83,15761259,-73.36,15761298
15772868,-37.41,15772954,0.49,15772981,-75.38,15773018
15807413,-3.05,15807487,-7.81,15807520,-90.21,15807558
15819016,12.21,15819093,-8.91,15819120,-88.93,15819157
15830745,18.37,15830820,-8.30,15830853,-90.27,15830892
15842453,12.94,15842531,-5.25,15842557,-90.09,15842594
15854169,2.87,15854243,-2.56,15854276,-86.06,15854314
15865875,-13.00,15865960,-5.37,15865987,-72.81,15866024
15877600,-25.21,15877676,-9.70,15877709,-64.39,15877748
15889330,-22.22,15889407,-9.09,15889434,-56.76,15889471
15901056,-4.15,15901130,-2.56,15901163,-49.80,15901201
15920724,4.39,15920800,-3.42,15920827,-38.57,15920864
15941770,-1.46,15941843,-5.55,15941876,-21.30,15941915
15953492,-5.19,15953568,-10.44,15953597,-15.26,15953633
15965253,-2.01,15965326,-16.30,15965361,-15.14,15965400
15977001,-11.35,15977078,-11.78,15977107,-2.62,15977142
15988732,-8.42,15988806,7.20,15988838,4.52,15988875
16000447,-15.93,16000524,20.02,16000552,13.06,16000589
16012169,-18.86,16012245,20.39,16012279,21.55,16012318
16023884,-12.51,16023970,17.88,16023999,36.44,16024035
16043570,13.79,16043646,13.12,16043680,54.69,16043719
16055177,32.41,16055254,3.91,16055281,37.17,16055318
16066897,26.12,16066981,5.80,16067013,26.49,16067052
16078637,-7.93,16078713,2.26,16078739,14.89,16078776
16090359,-32.96,16090434,-19.96,16090469,6.84,16090507
16102092,-48.71,16102169,-39.43,16102198,5.98,16102233
16113821,-54.87,16113897,-29.72,16113932,12.63,16113979
16140501,-11.47,16140579,21.36,16140607,2.08,16140642
16152226,19.35,16152301,33.75,16152336,-15.93,16152374
16163968,16.60,16164045,48.77,16164074,-16.11,16164111
16196806,26.67,16196881,69.27,16196916,10.62,16196962
16208371,48.95,16208448,59.81,16208477,13.00,16208513
16220075,30.82,16220150,44.56,16220184,14.22,16220223
16231788,7.45,16231864,26.43,16231892,12.94,16231929
16243476,-18.19,16243551,11.17,16243586,13.85,16243625
16255174,-37.78,16255252,5.49,16255279,18.49,16255316
16266868,25.70,16266943,-13.18,16266986,1.59,16267023
16278571,49.01,16278648,-13.00,16278677,-0.73,16278711
16290276,37.29,16290352,-33.57,16290386,-0.31,16290423
16309958,31.43,16310035,-75.07,16310063,21.97,16310100
16321531,21.91,16321607,-99.79,16321641,33.02,16321680
16333230,31.80,16333307,-90.09,16333335,38.15,16333372
16344928,24.48,16345011,-63.84,16345046,46.81,16345084
16366096,5.37,16366172,-7.93,16366199,23.07,16366235
16377795,2.01,16377868,-18.19,16377903,27.77,16377942
16389494,4.94,16389570,-13.92,16389599,33.39,16389635
16401194,6.47,16401268,-9.40,16401301,34.42,16401340
16412886,1.65,16412970,-3.66,16412997,41.81,16413034
16424586,2.44,16424660,-4.88,16424693,52.49,16424732
16444261,-2.81,16444337,-20.63,16444365,63.23,16444402
16455806,4.15,16455880,-28.75,16455914,64.09,16455961
16482451,0.37,16482527,-0.37,16482554,47.42,16482590
16494153,-1.46,16494227,-4.39,16494260,35.16,16494299
16505855,-4.27,16505930,-8.54,16505965,28.44,16506002
16517544,18.62,16517619,15.20,16517654,36.50,16517692
16529267,27.28,16529345,96.92,16529373,49.87,16529410
16540988,-16.54,16541064,92.83,16541098,27.47,16541137
16552697,7.32,16552772,-68.18,16552801,-5.86,16552836
16571288,-1.28,16571362,37.48,16571396,4.33,16571433
16582846,0.67,16582921,-16.91,16582958,3.91,16582993
16594545,1.77,16594618,1.40,16594651,4.27,16594688
16606269,0.43,16606344,3.11,16606371,3.48,16606406
16617988,2.08,16618061,-5.00,16618094,3.60,16618131
16629696,-2.62,16629772,2.69,16629799,6.29,16629834
16641384,-6.29,16641458,-0.98,16641491,11.84,16641529
16653090,-6.77,16653166,0.61,16653192,20.51,16653229
16664788,-5.25,16664861,1.04,16664894,24.72,16664933
16676481,-5.86,16676556,11.47,16676585,15.56,16676622
16698981,-0.61,16699063,-2.93,16699096,2.99,16699133
16711421,-2.50,16711501,3.42,16711534,5.62,16711571
16723092,3.48,16723161,2.44,16723188,1.65,16723223
16734761,-1.83,16734840,4.70,16734873,7.51,16734910
16746421,0.12,16746490,7.51,16746517,2.87,16746552
16767536,-12.51,16767617,16.78,16767652,5.62,16767689
16779218,-18.01,16779289,20.26,16779317,6.16,16779352
16790865,-23.56,16790955,20.81,16790990,7.75,16791026
16802545,-2.75,16802615,9.58,16802641,7.81,16802676
16829172,1.95,16829252,-2.26,16829285,10.25,16829324
16848705,8.42,16848774,-3.78,16848801,26.92,16848838
16860330,11.54,16860411,-4.03,16860444,49.93,16860483
16872121,18.80,16872192,-7.26,16872219,63.60,16872256
16883891,23.86,16883978,-6.65,16884011,67.57,16884050
16895673,31.07,16895744,-10.56,16895773,58.29,16895809
16907451,36.01,16907532,-15.63,16907567,51.82,16907606
16919245,34.79,16919317,-15.01,16919345,56.82,16919382
16931017,24.72,16931099,-10.01,16931133,65.55,16931172
16942806,14.53,16942877,-1.71,16942904,70.62,16942941
16962416,-10.74,16962497,6.41,16962531,63.66,16962569
16974083,-7.81,16974152,8.91,16974179,52.37,16974216
16985863,-6.16,16985943,6.96,16985984,50.96,16986023
16997647,-4.46,16997716,6.47,16997743,61.52,16997780
17009421,-4.52,17009501,6.96,17009534,79.77,17009573
17021213,7.75,17021283,0.37,17021309,95.40,17021346
17032994,10.93,17033075,1.22,17033108,96.92,17033147
17044784,5.86,17044853,0.49,17044880,102.05,17044918
17056542,2.50,17056621,4.76,17056654,106.20,17056695
17068337,9.16,17068406,-4.46,17068433,81.67,17068470
17088001,-10.80,17088083,6.16,17088116,83.13,17088154
17099670,-1.59,17099739,4.46,17099766,68.66,17099803
17111441,-3.23,17111521,3.17,17111554,49.56,17111593
17123256,-8.79,17123325,10.25,17123354,30.09,17123390
17135041,-1.71,17135121,4.88,17135154,26.18,17135192
17161809,29.24,17161880,-13.24,17161909,107.36,17161955
17173637,13.92,17173718,-1.77,17173751,122.74,17173792
17194996,-13.55,17195068,20.57,17195096,89.78,17195133
17206774,-23.68,17206856,15.44,17206891,71.90,17206929
17226451,-11.84,17226522,10.19,17226551,87.16,17226588
17238081,-0.61,17238160,11.17,17238195,80.99,17238234
17249859,16.11,17249930,-2.26,17249965,76.29,17250001
17261606,9.09,17261686,0.12,17261718,83.68,17261757
17273378,15.26,17273449,-0.43,17273476,78.00,17273512
17285126,7.45,17285206,-0.18,17285238,83.19,17285277
17296900,9.58,17296978,-3.97,17297005,93.81,17297042
17308635,15.69,17308716,-5.55,17308749,116.39,17308790
17320470,18.86,17320541,1.71,17320568,130.43,17320606
17332287,12.02,17332368,6.65,17332401,119.63,17332442
17352009,28.81,17352080,-0.06,17352107,99.67,17352143
17363634,28.02,17363716,-5.80,17363749,92.22,17363787
17375415,18.49,17375486,-5.00,17375513,93.32,17375550
17387164,30.21,17387246,-8.30,17387278,111.39,17387319
17398954,38.57,17399025,-11.72,17399054,113.53,17399093
17410705,34.48,17410786,-11.41,17410821,113.77,17410861
17422458,25.57,17422530,-5.92,17422556,104.80,17422595
17434210,15.81,17434292,1.65,17434325,100.95,17434365
17445984,10.13,17446055,8.67,17446081,109.07,17446120
17465638,16.05,17465720,10.44,17465754,108.83,17465794
17492234,33.02,17492305,-0.61,17492332,98.45,17492368
17503996,46.08,17504078,-7.20,17504110,95.70,17504149
17515761,12.76,17515832,16.48,17515861,89.36,17515897
17527501,47.97,17527583,0.55,17527615,89.48,17527654
17539269,30.64,17539340,4.15,17539367,97.90,17539404
17551021,24.17,17551102,-0.37,17551135,95.83,17551174
17562786,10.07,17562857,2.99,17562884,89.29,17562920
17574527,6.23,17574607,8.48,17574640,85.51,17574679
17595720,14.53,17595791,10.80,17595819,75.99,17595856
17615349,16.11,17615430,18.92,17615465,66.22,17615504
17626998,8.61,17627068,17.27,17627096,66.35,17627133
17638734,4.88,17638814,8.73,17638847,61.28,17638886
17650499,-15.01,17650570,7.32,17650597,56.21,17650634
17662263,-20.63,17662344,3.97,17662377,46.81,17662416
17674047,-21.67,17674119,5.13,17674146,49.19,17674182
17685793,-17.33,17685875,3.42,17685908,44.49,17685954
17697554,-15.99,17697625,-5.92,17697652,47.12,17697689
17709302,-7.87,17709382,-19.35,17709417,46.51,17709456
17737190,-0.43,17737267,-27.95,17737296,58.04,17737333
17749682,3.97,17749762,-28.81,17749797,58.29,17749835
17761414,2.56,17761484,-35.46,17761512,63.96,17761549
17773126,4.27,17773206,-35.46,17773241,58.53,17773279
17784861,3.42,17784931,-30.03,17784967,54.69,17785004
17796571,18.49,17796652,-23.07,17796687,52.12,17796725
17808341,21.24,17808412,-21.79,17808441,50.90,17808477
17835016,22.64,17835097,-14.65,17835132,28.69,17835171
17846759,18.68,17846830,-8.97,17846857,24.23,17846893
17866376,8.91,17866456,-5.74,17866489,24.48,17866528
17877968,2.62,17878038,-3.85,17878065,22.89,17878101
17889674,4.52,17889754,-3.66,17889787,23.74,17889826
17901416,0.61,17901486,-2.81,17901512,22.03,17901549
17913128,-1.95,17913208,0.12,17913241,21.67,17913279
17924865,2.14,17924935,-2.14,17924969,20.63,17925006
17936581,11.66,17936663,-7.20,17936696,19.78,17936734
17948330,11.05,17948401,-15.26,17948430,24.54,17948466
17960057,10.99,17960138,-6.04,17960171,13.73,17960210
17971802,6.53,17971871,-4.39,17971898,8.18,17971933
17999405,14.65,17999486,-5.37,17999519,-5.86,17999556
18011011,13.00,18011082,-4.39,18011109,-14.95,18011146
18032254,12.63,18032335,-3.17,18032368,-46.26,18032407
18043992,2.50,18044061,3.54,18044088,-69.34,18044125
18055720,-3.85,18055800,4.03,18055833,-93.99,18055872
18067439,3.91,18067509,0.61,18067536,-112.92,18067575
18079151,10.62,18079232,-2.32,18079265,-125.79,18079306
18090893,7.39,18090970,2.56,18090997,-146.36,18091036
18102618,-7.02,18102697,15.44,18102732,-159.79,18102773
18122289,-33.26,18122361,28.63,18122389,-168.58,18122428
18133886,-38.02,18133976,32.78,18134011,-164.67,18134051
18145632,-29.30,18145704,22.95,18145732,-169.19,18145771
18157369,-12.76,18157450,5.98,18157484,-183.04,18157524
18184080,7.57,18184150,-11.23,18184178,-212.83,18184217
18195822,-3.97,18195902,-16.42,18195937,-240.11,18195986
18207565,-15.56,18207637,-15.81,18207665,-264.28,18207704
18219304,-15.14,18219386,-9.09,18219419,-274.66,18219460
18231053,-0.31,18231123,-3.54,18231150,-250.67,18231188
18250724,8.48,18250804,3.11,18250837,-229.92,18250878
18262302,21.30,18262373,-6.65,18262400,-227.48,18262438
18273994,27.53,18274075,-4.94,18274108,-213.75,18274149
18285711,27.95,18285783,-4.09,18285809,-201.60,18285847
18297385,20.75,18297466,0.55,18297498,-189.39,18297539
18309092,11.35,18309163,3.60,18309190,-168.21,18309228
18320779,7.14,18320859,4.64,18320892,-153.63,18320933
18332470,-2.75,18332539,15.14,18332568,-149.41,18332607
18344147,-6.29,18344226,15.08,18344261,-167.18,18344302
18355857,-5.25,18355926,15.56,18355963,-160.58,18356001
18375506,-1.71,18375586,13.61,18375620,-163.76,18375661
18387088,1.89,18387158,8.36,18387184,-156.07,18387223
18398783,7.14,18398863,3.78,18398896,-165.41,18398937
18410485,11.17,18410556,12.76,18410585,-144.17,18410623
18447477,-6.29,18447557,9.03,18447590,-125.98,18447630
18459183,0.24,18459252,8.24,18459279,-119.51,18459318
18470870,4.58,18470956,9.64,18470989,-126.28,18471030
18482586,0.24,18482656,9.95,18482683,-139.83,18482722
18494284,-2.38,18494364,11.35,18494398,-150.94,18494439
18528911,-5.07,18528987,10.93,18529015,-150.76,18529054
18540472,-17.76,18540554,16.78,18540589,-151.18,18540629
18552206,-22.40,18552277,14.65,18552306,-155.58,18552345
18563898,-30.33,18563986,19.96,18564021,-164.61,18564062
18575621,-35.95,18575693,20.94,18575721,-174.26,18575760
18587330,-34.85,18587411,29.36,18587446,-167.24,18587487
18599062,-35.71,18599133,25.27,18599162,-160.52,18599200
18610756,-37.17,18610838,18.98,18610873,-161.93,18610913
18622455,-36.13,18622527,13.43,18622556,-180.54,18622594
18642601,-8.54,18642681,10.07,18642715,-178.04,18642756
18654208,4.64,18654278,1.77,18654304,-170.59,18654343
18665918,3.60,18666004,0.49,18666036,-170.72,18666077
18677652,-0.06,18677721,6.16,18677748,-168.46,18677787
18689368,-3.23,18689448,8.24,18689481,-164.73,18689522
18701103,-12.51,18701174,12.63,18701203,-167.11,18701242
18712836,-23.68,18712918,15.26,18712961,-186.89,18713002
18724573,-43.03,18724645,23.38,18724673,-209.41,18724712
18736299,-58.53,18736380,28.75,18736415,-234.99,18736456
18800505,-35.58,18800585,-29.11,18800614,-149.05,18800653
18812919,-22.46,18813009,-47.00,18813043,-106.57,18813084
18824599,-11.05,18824670,-24.11,18824699,-91.86,18824736
18836279,-12.82,18836360,-15.14,18836395,-113.59,18836436
18847980,-18.49,18848052,-13.12,18848080,-155.58,18848119
18859662,-18.68,18859744,-2.44,18859777,-170.41,18859817
18871332,-15.01,18871403,-5.49,18871430,-195.01,18871469
18882994,-23.68,18883076,1.46,18883109,-202.15,18883149
18919059,-26.49,18919130,-5.19,18919157,-135.62,18919196
18938551,-24.84,18938633,-12.21,18938668,-100.71,18938708
18950192,11.78,18950263,-27.22,18950292,-78.31,18950329
18961977,11.05,18962058,-5.13,18962091,-58.90,18962130
18973779,15.26,18973851,-10.80,18973879,-81.54,18973916
18985548,14.65,18985629,-10.93,18985664,-98.88,18985703
18997334,15.26,18997405,-6.41,18997432,-100.10,18997470
19009101,10.38,19009182,-2.81,19009215,-98.69,19009254
19020891,3.17,19020968,-2.08,19020995,-88.01,19021032
19032651,-2.26,19032731,-1.40,19032764,-70.01,19032802
19052298,-0.31,19052367,-2.93,19052394,-45.96,19052431
19063956,3.36,19064036,-9.40,19064069,-31.37,19064108
19075737,6.10,19075806,-8.36,19075833,-13.18,19075870
19087508,9.70,19087588,-5.98,19087621,-3.30,19087658
19099300,8.00,19099369,-4.88,19099396,2.87,19099431
19111108,7.81,19111188,-0.37,19111220,7.14,19111257
19122909,6.84,19122985,1.83,19123012,12.39,19123049
19134678,5.86,19134758,3.85,19134791,17.76,19134830
19146478,8.36,19146548,3.60,19146574,25.63,19146611
19158259,5.31,19158339,1.71,19158372,35.40,19158411
19177906,6.10,19177983,7.45,19178009,68.48,19178046
19189544,6.47,19189624,8.36,19189657,96.80,19189696
19201345,7.93,19201415,9.28,19201442,128.05,19201480
19213121,11.47,19213203,10.99,19213237,163.27,19213278
19224930,15.38,19225009,11.96,19225037,197.02,19225076
19251616,15.14,19251698,22.95,19251732,239.81,19251773
19263441,19.47,19263513,20.75,19263541,236.82,19263580
19275222,17.64,19275303,11.78,19275338,247.07,19275378
19287029,21.48,19287101,10.99,19287129,275.51,19287167
19298807,25.39,19298888,20.51,19298922,310.30,19298971
19327907,71.41,19327984,17.70,19328013,367.13,19328051
19339513,79.77,19339595,-8.48,19339628,345.83,19339668
19351300,74.71,19351371,-21.00,19351399,307.80,19351438
19363062,62.87,19363143,-30.64,19363178,267.15,19363218
19374834,54.69,19374905,-33.20,19374934,242.19,19374980
19386575,53.53,19386657,-39.86,19386692,236.82,19386732
19398354,27.04,19398425,-22.77,19398454,250.12,19398492
19410097,2.62,19410177,5.00,19410209,268.13,19410250
19421859,11.35,19421930,-7.20,19421965,262.39,19422004
19441462,37.90,19441543,-26.31,19441578,275.51,19441618
19453091,41.75,19453163,-33.57,19453191,277.59,19453230
19464836,22.28,19464918,-25.15,19464961,274.54,19465001
19476590,-13.18,19476662,-9.83,19476689,291.81,19476727
19488341,-31.74,19488422,4.46,19488455,337.59,19488496
19500107,-18.43,19500179,6.96,19500206,364.81,19500244
19511869,-4.58,19511956,10.13,19511991,352.42,19512031
19523629,37.84,19523700,8.85,19523727,351.26,19523766
19535384,37.96,19535466,-13.61,19535500,370.61,19535541
19555052,17.09,19555123,-4.64,19555150,271.79,19555189
19581628,-9.22,19581707,29.97,19581742,312.99,19581783
19593387,-20.32,19593458,15.01,19593486,346.01,19593525
19605147,17.21,19605228,11.60,19605263,378.66,19605303
19616926,35.83,19617005,-7.26,19617031,371.09,19617070
19628681,51.88,19628762,-10.38,19628797,340.64,19628837
19640465,52.86,19640537,-20.32,19640565,277.89,19640604
19652244,45.53,19652325,-21.91,19652360,205.38,19652400
19664023,13.55,19664094,-5.55,19664121,147.16,19664160
19683691,-6.16,19683771,10.38,19683805,127.75,19683846
19695317,11.35,19695388,3.72,19695415,159.12,19695453
19707076,27.47,19707157,-5.86,19707190,174.93,19707231
19718857,26.18,19718928,-7.63,19718963,168.46,19719001
19740080,24.11,19740161,-3.60,19740194,155.46,19740235
19751856,18.31,19751927,4.94,19751962,154.48,19752001
19763604,7.63,19763684,10.93,19763719,172.12,19763759
19775373,-2.99,19775443,-5.55,19775469,148.19,19775508
19787126,-20.08,19787207,2.69,19787240,148.93,19787281
19798907,-19.78,19798985,-7.02,19799011,126.04,19799050
19826779,-4.33,19826867,1.22,19826900,141.97,19826941
19839301,10.86,19839377,4.39,19839409,149.90,19839450
19851043,36.44,19851121,3.30,19851147,149.48,19851186
19862767,47.97,19862843,-1.83,19862876,125.06,19862916
19874495,47.79,19874572,-16.66,19874601,97.66,19874637
19886217,47.73,19886293,-33.57,19886327,86.18,19886366
19897957,46.14,19898034,-40.28,19898063,90.03,19898099
19924631,46.63,19924706,-18.43,19924741,66.71,19924780
19936364,35.34,19936442,-10.44,19936470,55.48,19936507
19956025,16.24,19956100,-3.97,19956134,39.98,19956172
19967622,19.17,19967699,-9.22,19967726,46.14,19967763
19979332,46.14,19979407,-23.25,19979442,70.07,19979480
19991074,81.79,19991151,-37.60,19991180,112.85,19991218
20002804,74.77,20002880,-36.01,20002914,152.34,20002962
20014529,26.92,20014607,-25.82,20014635,181.15,20014674
20026269,9.64,20026342,-21.18,20026377,172.36,20026417
20038005,-1.71,20038081,-15.99,20038110,156.25,20038148
20049735,44.92,20049810,-32.90,20049845,169.01,20049885
20069383,97.11,20069461,-43.64,20069489,274.29,20069528
20080998,158.45,20081075,-81.79,20081110,333.80,20081151
20092741,191.77,20092820,-79.16,20092849,369.02,20092888
20104457,184.27,20104535,-81.30,20104570,356.08,20104610
20116204,192.50,20116283,-69.40,20116312,322.27,20116351
20127914,125.67,20127999,-52.92,20128034,260.80,20128075
20149114,-41.08,20149192,-60.91,20149220,207.89,20149259
20160843,-82.58,20160919,-17.82,20160962,156.07,20161002
20172575,-97.72,20172653,-18.62,20172682,85.08,20172718
20192240,-87.46,20192315,5.43,20192348,34.91,20192387
20203845,-11.35,20203923,-2.50,20203958,33.14,20203995
20215577,54.20,20215653,-16.36,20215687,55.48,20215726
20227315,38.15,20227392,-18.68,20227421,80.32,20227457
20239053,11.47,20239128,-17.76,20239163,98.94,20239202
20265743,-50.72,20265821,3.11,20265848,44.13,20265884
20277459,-44.92,20277535,7.45,20277568,16.78,20277607
20289188,-34.12,20289265,2.20,20289292,3.60,20289327
20300897,-2.44,20300979,-2.87,20301012,23.62,20301051
20312634,30.15,20312711,-4.64,20312738,39.98,20312775
20332300,-10.86,20332375,4.82,20332408,32.96,20332447
20343852,-27.77,20343930,-4.15,20343965,28.44,20344002
20355548,-38.64,20355623,2.99,20355657,9.83,20355694
20367252,-36.25,20367330,9.28,20367357,-0.55,20367392
20378960,-6.47,20379034,2.08,20379066,4.33,20379103
20390648,3.30,20390724,2.93,20390750,-3.54,20390786
20402335,-9.40,20402408,3.42,20402441,0.12,20402478
20414043,-18.43,20414121,1.22,20414148,2.44,20414183
20425730,-13.37,20425806,0.43,20425839,7.20,20425876
20445370,-0.49,20445445,4.09,20445472,14.47,20445509
20456914,-3.05,20456995,-0.31,20457028,23.50,20457067
20468606,-17.33,20468684,6.84,20468711,23.74,20468748
20480301,-27.77,20480376,5.92,20480409,16.42,20480448
20492018,-36.38,20492096,11.23,20492124,9.52,20492159
20503720,-38.02,20503795,12.88,20503830,0.61,20503867
20515409,-31.92,20515487,11.78,20515516,6.29,20515551
20527096,-32.71,20527171,12.08,20527206,3.54,20527243
20538797,-27.34,20538875,8.54,20538902,4.64,20538937
20559943,-18.80,20560026,8.12,20560059,-6.41,20560096
20594534,-66.53,20594612,25.51,20594641,-157.90,20594679
20606102,-68.48,20606177,20.75,20606212,-177.92,20606253
20617812,-58.29,20617889,25.45,20617918,-184.27,20617965
20629496,-26.67,20629572,15.38,20629607,-166.87,20629647
20641204,-13.98,20641282,8.67,20641309,-144.78,20641347
20652886,-14.22,20652969,1.71,20653002,-134.83,20653042
20664595,-13.18,20664672,10.86,20664701,-140.20,20664739
20676304,-9.77,20676378,15.56,20676413,-179.20,20676453
20688016,-28.02,20688093,17.33,20688122,-233.64,20688160
20706643,18.31,20706719,-10.01,20706753,-282.23,20706794
20718211,-43.58,20718288,5.43,20718315,-279.60,20718354
20729919,-26.18,20730002,11.17,20730037,-352.42,20730077
20741634,-10.99,20741711,4.52,20741738,-390.81,20741777
20753330,-9.22,20753403,10.01,20753437,-390.99,20753478
20765045,-8.97,20765121,14.10,20765149,-379.76,20765188
20776760,-13.85,20776836,17.46,20776871,-370.36,20776911
20788453,-13.55,20788531,17.52,20788560,-367.19,20788598
20800148,-21.18,20800224,22.71,20800259,-370.67,20800299
20822620,-36.07,20822705,33.63,20822734,-425.48,20822773
20835068,-57.25,20835144,41.75,20835179,-456.73,20835219
20846745,-36.80,20846822,51.27,20846851,-404.05,20846889
20858437,-35.16,20858512,31.25,20858547,-286.01,20858588
20870129,-54.26,20870206,21.36,20870235,-201.23,20870273
20881805,-125.37,20881882,23.80,20881916,-128.11,20881965
20893499,-203.80,20893578,62.38,20893607,-45.35,20893643
20905185,-243.59,20905263,74.40,20905297,-6.59,20905335
20931827,63.84,20931904,13.98,20931933,11.72,20931975
20951362,84.90,20951438,-57.74,20951472,31.86,20951511
20963044,47.67,20963122,-7.57,20963148,-8.73,20963184
20984302,11.60,20984377,-2.20,20984410,3.05,20984447
20996100,-22.16,20996177,1.89,20996204,5.68,20996239
21007911,-30.88,21007993,11.11,21008028,7.08,21008064
21019699,-18.37,21019776,3.85,21019803,5.68,21019838
21031503,5.07,21031576,-2.87,21031609,4.27,21031646
21043316,20.57,21043393,-5.98,21043420,3.60,21043455
21055151,18.13,21055226,-6.35,21055259,3.11,21055296
21066987,4.70,21067063,-2.20,21067089,4.21,21067124
21086612,-13.43,21086688,10.56,21086723,8.06,21086759
21098286,-12.88,21098364,10.80,21098392,9.16,21098427
21110085,-0.24,21110158,4.21,21110191,15.14,21110230
21121900,14.04,21121984,-13.24,21122013,24.35,21122050
21133747,10.13,21133822,-11.05,21133857,22.16,21133895
21145527,1.22,21145603,-3.85,21145630,18.31,21145667
21157334,-3.42,21157408,-0.85,21157441,14.95,21157479
21169131,-5.07,21169206,-3.17,21169233,10.56,21169270
21180926,-4.33,21181007,-2.08,21181040,2.87,21181077
21213808,8.06,21213884,-4.27,21213911,3.78,21213955
21225482,3.66,21225556,0.37,21225589,6.77,21225626
21237286,73.97,21237363,-5.68,21237390,41.69,21237427
21249096,26.00,21249171,20.57,21249205,11.47,21249244
21260914,5.49,21260998,22.89,21261026,-101.44,21261065
21287648,16.85,21287724,13.06,21287758,-28.81,21287797
21299474,13.61,21299551,10.93,21299580,-34.24,21299616
21311291,-2.38,21311364,26.73,21311399,-53.83,21311438
21323086,-41.99,21323163,55.60,21323192,-66.53,21323229
21334904,-97.05,21334986,119.32,21335023,-101.56,21335064
21354552,62.74,21354630,-16.85,21354658,-94.42,21354695
21366185,162.90,21366262,-143.55,21366299,-52.00,21366338
21377965,204.04,21378044,-194.34,21378075,-21.24,21378112
21389749,211.24,21389826,-215.64,21389863,15.44,21389902
21411010,280.88,21411089,-241.27,21411119,30.03,21411156
21422770,284.79,21422847,-237.92,21422884,70.86,21422922
21434544,304.50,21434623,-246.03,21434653,91.74,21434690
21446326,290.53,21446403,-233.58,21446440,85.51,21446478
21466015,241.70,21466094,-217.16,21466125,99.49,21466161
21477665,119.45,21477743,-202.33,21477779,86.30,21477818
21489428,-113.10,21489507,-107.12,21489538,9.03,21489572
21501233,-293.21,21501311,63.17,21501345,-102.11,21501386
21513025,-276.79,21513105,190.86,21513135,-199.22,21513174
21524785,-177.73,21524863,198.97,21524900,-255.86,21524940
21536571,-140.26,21536650,181.64,21536680,-296.63,21536719
21548357,-151.49,21548434,183.78,21548471,-286.87,21548511
21560128,-216.13,21560208,204.59,21560238,-205.14,21560277
21579810,-254.46,21579887,161.56,21579924,-73.30,21579971
21591460,-281.68,21591540,-30.94,21591568,50.66,21591605
21618195,-147.28,21618272,-184.39,21618309,245.73,21618350
21629996,-2.69,21630072,-253.36,21630102,299.50,21630141
21641788,144.53,21641865,-306.15,21641902,288.64,21641943
21653559,217.35,21653638,-292.36,21653669,226.38,21653707
21665343,205.44,21665420,-226.68,21665457,160.40,21665497
21677140,41.20,21677217,-112.00,21677248,73.73,21677284
21688909,-144.84,21688993,49.19,21689028,-49.01,21689066
21708585,-222.17,21708664,211.91,21708695,-208.56,21708733
21720240,-143.74,21720318,207.95,21720354,-253.05,21720395
21732018,-96.50,21732096,160.77,21732126,-279.42,21732165
21743801,-120.91,21743879,150.15,21743915,-269.47,21743964
21755591,-237.79,21755671,161.50,21755701,-199.77,21755740
21767373,-434.39,21767450,143.01,21767486,-165.28,21767527
21779157,-638.06,21779236,96.25,21779264,-102.84,21779303
21790964,-623.05,21791041,7.02,21791074,-20.02,21791112
21812192,-349.43,21812271,-90.64,21812300,136.05,21812338
21875298,-68.97,21875382,106.93,21875418,147.09,21875459
21887827,-63.66,21887909,63.96,21887943,26.25,21887994
21899575,-64.15,21899647,-0.18,21899673,-87.28,21899710
21911314,-113.28,21911398,-20.94,21911432,-189.82,21911473
21923092,-192.08,21923165,-46.14,21923194,-267.09,21923232
21934825,-194.27,21934908,-135.62,21934953,-286.56,21934993
21946579,-116.76,21946653,-216.55,21946683,-258.48,21946722
21958337,-18.74,21958418,-214.36,21958455,-178.34,21958496
21970075,131.47,21970148,-201.54,21970178,-59.08,21970215
22004727,553.59,22004810,-69.52,22004845,289.67,22004886
22016352,595.15,22016426,-26.37,22016454,381.53,22016493
22028094,718.87,22028177,-24.84,22028212,456.24,22028253
22039880,944.46,22039961,-84.66,22039990,510.56,22040028
22051627,1178.34,22051712,-187.44,22051749,521.55,22051790
22063387,1337.95,22063462,-265.87,22063492,464.48,22063531
22075149,1351.20,22075234,-261.47,22075271,398.44,22075311
22086937,1143.55,22087018,-99.12,22087047,294.25,22087086
22098674,756.53,22098758,142.82,22098794,207.15,22098835
22118377,287.84,22118450,289.37,22118481,103.45,22118519
22130016,303.83,22130099,213.50,22130136,106.51,22130176
22141754,336.24,22141827,166.93,22141858,103.76,22141896
22153494,364.38,22153578,186.95,22153615,82.70,22153653
22165271,367.37,22165344,244.45,22165375,39.43,22165412
22176994,267.64,22177077,316.59,22177114,-7.93,22177152
22188761,109.07,22188834,317.93,22188864,-76.23,22188901
22200492,-36.50,22200574,172.73,22200610,-112.98,22200651
22212246,-140.75,22212319,-25.94,22212348,-132.45,22212387
22231934,-284.67,22232026,-166.99,22232062,-145.63,22232103
22243575,-501.77,22243648,-148.07,22243679,-168.76,22243717
22255302,-829.65,22255385,-131.35,22255422,-172.00,22255462
22276562,-1429.87,22276637,-61.40,22276666,-137.63,22276704
22288326,-1441.22,22288411,42.11,22288446,-103.58,22288486
22300084,-1116.46,22300159,129.33,22300189,-83.50,22300226
22311853,-639.16,22311936,87.16,22311979,-116.21,22312020
22338581,2.81,22338650,110.23,22338680,-177.49,22338719
22358266,-50.72,22358348,81.30,22358382,-206.42,22358423
22369867,-211.79,22369940,49.44,22369976,-204.41,22370015
22381575,-264.40,22381658,68.48,22381693,-184.27,22381734
22393316,-91.13,22393388,61.58,22393416,-82.64,22393453
22405042,280.21,22405125,-31.80,22405160,53.65,22405199
22416765,601.93,22416838,-215.15,22416869,188.35,22416908
22428476,746.89,22428559,-274.11,22428596,282.71,22428637
22440225,868.47,22440298,-272.95,22440329,336.00,22440367
22451924,1052.00,22452016,-327.76,22452053,352.84,22452093
22471635,1399.96,22471710,-483.15,22471741,291.63,22471779
22483238,1464.29,22483324,-534.61,22483360,240.84,22483401
22494982,1355.41,22495057,-489.01,22495088,198.97,22495126
22506717,938.05,22506800,-307.07,22506836,153.87,22506877
22518441,427.37,22518515,-46.51,22518543,84.84,22518580
22530126,-53.04,22530207,155.82,22530244,29.72,22530283
22541866,-379.94,22541939,219.36,22541978,26.61,22542015
22553586,-568.97,22553670,205.32,22553706,49.68,22553745
22565302,-674.26,22565375,248.54,22565406,57.43,22565443
22585001,-813.78,22585085,380.55,22585121,-70.86,22585160
22596611,-1052.43,22596686,355.04,22596717,-218.69,22596755
22608300,-1393.07,22608385,285.34,22608422,-358.46,22608462
22620059,-1707.95,22620134,255.68,22620164,-451.17,22620203
22631790,-1799.99,22631876,126.16,22631912,-436.22,22631962
22643506,-1620.18,22643581,50.35,22643609,-314.15,22643648
22670173,488.16,22670256,-78.06,22670291,235.78,22670331
22691436,1191.10,22691511,-463.81,22691542,573.67,22691581
22703147,893.13,22703230,-364.69,22703267,557.98,22703308
22723284,942.02,22723357,-118.71,22723388,483.46,22723427
22734868,1181.09,22734961,-190.73,22734998,437.62,22735038
22746596,1278.69,22746671,-230.53,22746701,391.30,22746740
22758316,1132.14,22758401,-92.71,22758436,325.38,22758477
22770073,797.00,22770145,141.30,22770176,227.84,22770215
22781770,450.13,22781853,318.36,22781889,128.11,22781930
22793501,9.58,22793571,421.08,22793601,43.82,22793638
22805210,-438.78,22805294,402.28,22805330,23.38,22805369
22816923,-716.37,22817004,341.06,22817035,46.33,22817071
22862263,-1745.48,22862356,200.50,22862392,-248.05,22862433
22874765,-1891.36,22874844,18.62,22874879,-178.47,22874920
22886466,-1682.80,22886547,-30.40,22886575,-25.27,22886612
22898176,-1061.65,22898255,61.77,22898290,91.98,22898329
22909893,411.13,22909979,-148.93,22910009,251.40,22910048
22921578,1389.34,22921657,-430.30,22921694,519.23,22921734
22933300,1210.69,22933381,-375.92,22933412,640.81,22933450
22945018,851.01,22945095,-162.96,22945132,575.87,22945173
22964543,1057.01,22964624,-53.34,22964653,421.87,22964691
22976213,1278.69,22976292,-148.38,22976328,349.06,22976369
22988018,1189.51,22988099,-139.16,22988130,269.65,22988168
22999838,509.64,22999916,31.13,22999958,87.04,22999997
23011646,-439.94,23011726,347.72,23011756,-161.01,23011795
23038400,-937.07,23038477,493.71,23038514,-296.26,23038555
23050234,-943.48,23050313,450.50,23050343,-355.47,23050382
23062048,-1026.18,23062127,393.98,23062164,-419.37,23062205
23073864,-1042.48,23073953,222.84,23073983,-410.16,23074022
23093516,-258.61,23093594,51.70,23093628,-189.33,23093669
23105222,548.52,23105302,-106.63,23105332,107.42,23105371
23117024,931.82,23117101,-300.23,23117138,323.97,23117179
23138300,712.46,23138380,-330.99,23138410,382.87,23138449
23150117,767.03,23150194,-306.76,23150230,377.62,23150271
23161924,951.48,23162011,-387.70,23162041,342.41,23162080
23173730,1040.59,23173809,-513.67,23173845,292.24,23173886
23185551,857.91,23185630,-468.14,23185661,213.56,23185699
23197346,542.42,23197423,-204.90,23197459,112.06,23197500
23217046,-222.66,23217125,158.87,23217156,-66.96,23217192
23228724,-420.78,23228802,350.95,23228838,-86.79,23228877
23240512,-516.60,23240591,486.27,23240621,-82.52,23240658
23252330,-613.65,23252407,499.63,23252444,-70.01,23252482
23264151,-833.37,23264231,471.68,23264261,-126.16,23264300
23275968,-1072.75,23276047,394.90,23276084,-220.15,23276124
23287788,-1200.26,23287869,296.14,23287899,-295.84,23287938
23299607,-1273.93,23299686,79.47,23299720,-319.15,23299761
23311410,-1236.33,23311491,-49.13,23311520,-257.51,23311558
23331109,-608.64,23331186,71.78,23331221,62.19,23331260
23342761,259.77,23342840,-99.79,23342869,263.31,23342908
23369460,1032.78,23369539,-423.52,23369575,544.31,23369616
23381258,948.85,23381338,-350.46,23381368,553.96,23381407
23393032,855.59,23393110,-248.90,23393146,505.49,23393187
23404797,521.85,23404876,-131.71,23404907,363.95,23404951
23416574,-37.11,23416650,78.92,23416685,130.43,23416725
23428373,-459.66,23428452,320.86,23428483,-66.96,23428520
23440135,-576.84,23440212,425.23,23440249,-160.28,23440290
23459815,-299.62,23459895,451.60,23459925,-119.45,23459972
23471466,-88.93,23471542,443.54,23471579,-69.70,23471617
23483249,18.19,23483326,438.72,23483357,-35.58,23483394
23495038,11.29,23495113,380.62,23495150,-49.07,23495189
23506823,-26.00,23506900,323.06,23506931,-83.07,23506975
23518578,-64.51,23518654,257.32,23518690,-71.96,23518729
23539852,-136.29,23539932,190.61,23539970,6.10,23540005
23551640,-92.35,23551715,113.22,23551752,54.57,23551791
23563414,-53.34,23563492,-9.16,23563519,89.36,23563556
23583088,-81.42,23583164,-86.36,23583199,81.42,23583237
23594745,-124.27,23594824,-49.80,23594853,61.71,23594890
23606499,-141.42,23606576,2.62,23606609,41.75,23606648
23618291,-112.24,23618371,50.48,23618399,21.67,23618436
23630073,-56.27,23630148,78.67,23630183,6.71,23630220
23641843,-4.82,23641919,88.93,23641956,0.43,23641991
23653616,35.22,23653691,73.97,23653726,-10.80,23653765
23665389,40.41,23665466,38.51,23665495,1.46,23665530
23677151,-28.20,23677226,31.37,23677261,13.73,23677300
23711800,-73.97,23711877,53.41,23711906,84.96,23711943
23723446,-44.80,23723521,40.89,23723556,83.37,23723594
23735220,63.66,23735297,53.71,23735326,84.59,23735363
23747016,33.75,23747091,-52.98,23747126,48.95,23747165
23758806,31.19,23758884,-11.60,23758912,64.82,23758956
23770564,4.70,23770637,9.03,23770670,85.51,23770709
23782353,44.07,23782430,-73.97,23782459,24.17,23782496
23794144,-24.90,23794219,-1.46,23794252,-2.50,23794289
23805916,7.93,23805998,-4.27,23806025,-18.92,23806062
23833807,-22.95,23833891,7.87,23833924,-15.32,23833975
23846334,-49.01,23846416,-0.49,23846449,-33.33,23846488
23858073,4.82,23858142,-19.29,23858171,-39.31,23858208
23869814,66.77,23869895,-30.15,23869930,-26.18,23869975
23881557,37.78,23881628,-38.57,23881657,-30.09,23881693
23893279,29.05,23893361,-40.28,23893395,-26.98,23893434
23905045,63.35,23905117,-34.67,23905145,-7.20,23905180
23916784,16.78,23916865,-15.01,23916900,-8.30,23916936
23928520,-18.74,23928592,8.42,23928619,-4.64,23928654
23940252,-19.41,23940333,17.82,23940368,5.68,23940405
23969367,-3.11,23969437,5.07,23969463,5.13,23969498
23980981,7.45,23981061,-5.43,23981094,3.23,23981131
23992728,16.30,23992799,-12.57,23992828,1.89,23992863
24004457,19.35,24004539,-12.82,24004574,1.40,24004610
24016213,10.56,24016284,-8.54,24016311,2.14,24016346
24027926,3.23,24028013,-2.20,24028046,3.66,24028083
24054593,-5.07,24054663,3.36,24054690,5.25,24054725
24066336,-0.31,24066416,0.55,24066449,4.58,24066486
24078084,4.88,24078154,-3.60,24078180,3.85,24078215
24097762,8.06,24097842,-5.37,24097875,3.48,24097912
24109359,4.52,24109429,-3.36,24109456,3.91,24109491
24121078,1.22,24121157,-1.22,24121190,3.85,24121228
24132841,0.73,24132911,-0.49,24132938,4.88,24132978
24144565,0.79,24144645,-0.43,24144678,4.76,24144715
24156300,2.44,24156369,-1.65,24156396,4.33,24156431
24168044,4.39,24168124,-2.44,24168157,4.09,24168194
24179813,2.75,24179883,-2.87,24179910,3.78,24179951
24191527,4.09,24191606,-2.20,24191639,4.15,24191676
24203302,2.62,24203372,-2.01,24203398,3.91,24203433
24222981,2.26,24223061,-0.31,24223094,3.17,24223131
24234618,2.08,24234687,-1.71,24234714,4.52,24234749
24246326,3.05,24246405,-1.95,24246438,3.60,24246475
24258094,2.87,24258163,-2.87,24258190,3.97,24258226
24269843,3.91,24269923,-2.56,24269963,3.78,24270000
24281573,3.17,24281642,-2.50,24281669,3.85,24281704
24293316,2.44,24293396,-1.71,24293429,4.21,24293466
24305094,2.14,24305163,-1.34,24305190,4.09,24305225
24316822,1.95,24316902,-1.40,24316934,3.78,24316978
24328578,3.78,24328647,-1.89,24328674,3.91,24328709
24348249,3.23,24348329,-2.08,24348362,4.46,24348399
24384262,3.17,24384331,-2.38,24384358,5.43,24384393
24395971,2.56,24396051,-0.61,24396084,2.44,24396121
24407709,-3.97,24407779,3.11,24407806,-1.77,24407841
24419396,-3.78,24419476,0.55,24419509,-6.90,24419546
24431094,7.32,24431164,-4.21,24431191,-5.80,24431226