time_1,gyro_X,time_2,gyro_Y,time_3,gyro_Z,time_4,acceleration_X,time_5,acceleration_Y,time_6,acceleration_Z,time_7,Resultant g,time_8,Temperature,time_9,Pressure,time_10,Altitude,time_11,Pressure at sealevel (calculated),time_12,Latitude,time_13,Longitude,time_14,GPS_Altitude,time_15,speed,time_16,course,time_17
2505311,-0.06,2505462,-0.02,2505508,-0.01,2505558,-0.54,2505604,-0.03,2505652,12.22,2505702,11.65,2505753,7.50,2511585,101424,2547467,-8.49,2582329,101425,2616086,55.585692,2616164,38.081979,2616247,109.00,2616290,0.01,2616349,0.00,2616405
2664068,-0.06,2664681,-0.03,2664858,-0.01,2665116,-0.49,2665293,-0.05,2665469,12.29,2665727,11.74,2665994,7.50,2673568,101420,2707160,-8.07,2743937,101423,2779082,55.585693,2779136,38.081980,2779174,109.10,2779214,0.05,2779255,0.00,2779281
2796930,-0.06,2797027,-0.03,2797054,-0.01,2797080,-0.51,2797106,0.02,2797132,12.17,2797161,11.69,2797197,7.50,2803568,101421,2839195,-8.24,2876990,101421,2911083,55.585693,2911138,38.081979,2911176,109.10,2911216,0.01,2911257,0.00,2911283
2943623,-0.06,2944314,-0.03,2944491,-0.02,2944667,-0.43,2944844,-0.01,2945103,12.10,2945361,11.66,2945621,7.50,2952420,101420,2987160,-7.57,3021270,101431,3057636,55.585693,3058068,38.081979,3058335,109.10,3058674,0.04,3059021,0.00,3059197
3087058,-0.06,3087155,-0.02,3087182,-0.01,3087208,-0.55,3087234,-0.05,3087261,12.21,3087289,11.62,3087325,7.50,3093567,101423,3129175,-8.41,3166975,101427,3202084,55.585693,3202138,38.081979,3202176,109.10,3202216,0.04,3202257,0.00,3202283
3220127,-0.06,3220214,-0.03,3220241,-0.01,3220267,-0.57,3220293,-0.01,3220323,12.12,3220351,11.54,3220388,7.60,3226568,101429,3262148,-8.32,3297271,101427,3332667,55.585693,3333103,38.081979,3333365,109.20,3333703,0.05,3334050,0.00,3334226
3379028,-0.06,3379125,-0.03,3379152,-0.01,3379178,-0.58,3379204,0.02,3379230,12.09,3379263,11.53,3379299,7.50,3385568,101429,3419156,-8.57,3456016,101434,3491082,55.585693,3491140,38.081979,3491178,109.20,3491218,0.12,3491260,0.00,3491286
3508960,-0.06,3509051,-0.03,3509077,-0.01,3509103,-0.56,3509130,-0.10,3509156,12.16,3509184,11.51,3509221,7.60,3515568,101424,3551229,-8.90,3586270,101423,3620082,55.585693,3620136,38.081979,3620174,109.20,3620214,0.09,3620255,0.00,3620281
3657674,-0.06,3658367,-0.03,3658546,-0.01,3658723,-0.56,3658981,-0.02,3659158,12.15,3659415,11.56,3659677,7.60,3667430,101419,3702156,-8.24,3738975,101429,3774438,55.585693,3774492,38.081979,3774530,109.20,3774570,0.02,3774612,0.00,3774637
3792284,-0.05,3792375,-0.02,3792401,-0.01,3792428,-0.51,3792454,-0.03,3792480,12.11,3792509,11.56,3792545,7.60,3798568,101424,3834180,-8.41,3872051,101428,3906082,55.585693,3906136,38.081979,3906174,109.20,3906214,0.02,3906255,0.00,3906281
3936101,-0.06,3936792,-0.03,3936974,-0.01,3937226,-0.54,3937403,-0.04,3937579,12.12,3937837,11.54,3938103,7.60,3945417,101427,3980156,-8.57,4014266,101425,4049691,55.585693,4050204,38.081979,4050467,109.30,4050732,0.01,4051079,0.00,4051255
4084425,-0.07,4084517,-0.03,4084543,-0.02,4084569,-0.48,4084596,-0.05,4084622,12.17,4084650,11.64,4084687,7.60,4090568,101439,4124156,-9.07,4162095,101438,4197082,55.585693,4197136,38.081979,4197174,109.30,4197214,0.01,4197256,0.00,4197281
4223114,-0.05,4223207,-0.02,4223233,-0.01,4223259,-0.49,4223516,-0.06,4223692,12.15,4223872,11.60,4224214,7.60,4231446,101427,4268193,-8.57,4302266,101426,4337660,55.585693,4338095,38.081979,4338435,109.30,4338696,0.03,4339043,0.00,4339218
4373799,-0.06,4373890,-0.03,4373916,-0.01,4373951,-0.56,4373977,-0.01,4374003,12.15,4374032,11.59,4374068,7.60,4379568,101430,4413156,-8.74,4450073,101426,4485080,55.585694,4485138,38.081979,4485176,109.40,4485216,0.03,4485257,0.00,4485283
4511551,-0.06,4511644,-0.03,4511670,-0.01,4511696,-0.51,4511727,-0.05,4511753,12.05,4511785,11.49,4511821,7.60,4517568,101431,4553175,-8.07,4588266,101428,4622084,55.585694,4622138,38.081979,4622176,109.40,4622216,0.08,4622257,0.00,4622283
4657058,-0.06,4657666,-0.03,4657843,-0.01,4658102,-0.55,4658279,-0.05,4658530,12.18,4658709,11.58,4658975,7.60,4666549,101422,4701156,-7.82,4738092,101428,4774170,55.585694,4774224,38.081979,4774262,109.40,4774302,0.03,4774344,0.00,4774369
4804815,-0.06,4804913,-0.03,4804947,-0.01,4804973,-0.53,4804999,-0.01,4805026,12.11,4805058,11.58,4805094,7.60,4810566,101424,4846284,-8.66,4881281,101430,4915084,55.585694,4915138,38.081979,4915175,109.40,4915216,0.03,4915257,0.00,4915283
4941074,-0.06,4941682,-0.02,4941859,-0.02,4942116,-0.43,4942293,-0.09,4942470,12.19,4942724,11.67,4942991,7.60,4950476,101424,4985160,-8.49,5019272,101426,5055634,55.585694,5056070,38.081979,5056332,109.40,5056673,0.02,5057017,0.00,5057193
5095840,-0.06,5095943,-0.03,5095970,-0.01,5095996,-0.55,5096022,-0.02,5096048,12.10,5096080,11.53,5096117,7.60,5101564,101424,5137196,-8.57,5174990,101424,5209084,55.585694,5209138,38.081979,5209176,109.40,5209216,0.02,5209257,0.00,5209283
5232911,-0.06,5233602,-0.02,5233779,-0.01,5234036,-0.52,5234213,-0.07,5234389,12.16,5234568,11.57,5234829,7.60,5242489,101433,5277160,-9.15,5311273,101427,5346681,55.585694,5347195,38.081979,5347458,109.50,5347723,0.03,5348071,0.00,5348247
5404096,-0.06,5404193,-0.03,5404220,-0.02,5404246,-0.49,5404272,-0.03,5404299,12.08,5404327,11.55,5404363,7.60,5410566,101427,5446170,-8.99,5481268,101430,5515083,55.585694,5515137,38.081979,5515175,109.50,5515215,0.03,5515256,0.00,5515282
5552875,-0.06,5553566,-0.02,5553743,-0.02,5553919,-0.55,5554179,-0.08,5554355,12.17,5554614,11.54,5554876,7.60,5562453,101422,5597164,-8.57,5634068,101430,5670648,55.585694,5670937,38.081979,5670975,109.50,5671014,0.04,5671056,0.00,5671081
5705683,-0.06,5705780,-0.02,5705806,-0.01,5705833,-0.48,5705859,-0.01,5705886,12.08,5705913,11.58,5705957,7.60,5711564,101427,5747155,-8.82,5782274,101427,5816081,55.585694,5816133,38.081979,5816171,109.50,5816211,0.04,5816252,0.00,5816278
5854074,-0.06,5854686,-0.03,5854943,-0.02,5855119,-0.54,5855371,0.04,5855548,11.97,5855730,11.47,5856069,7.60,5863476,101426,5898164,-8.99,5935094,101427,5971677,55.585695,5972190,38.081979,5972453,109.60,5972718,0.08,5973066,0.00,5973241
5994112,-0.08,5994208,-0.02,5994234,-0.03,5994260,-0.45,5994286,-0.03,5994313,12.13,5994341,11.65,5994377,7.60,6000564,101427,6036142,-9.15,6073941,101427,6108084,55.585695,6108136,38.081979,6108174,109.60,6108214,0.08,6108255,0.00,6108281
6141588,-0.06,6142281,-0.05,6142457,-0.02,6142633,-0.56,6142811,-0.04,6143068,12.05,6143326,11.46,6143585,7.60,6150469,101420,6185164,-7.99,6219273,101422,6255678,55.585695,6256191,38.081979,6256453,109.60,6256714,0.07,6257061,0.00,6257238
6288322,-0.07,6288417,-0.05,6288444,-0.04,6288470,-0.41,6288496,-0.21,6288523,12.25,6288551,11.63,6288587,7.60,6294564,101431,6330162,-8.82,6368040,101427,6403082,55.585695,6403134,38.081979,6403172,109.60,6403212,0.07,6403253,0.00,6403279
6435052,-0.11,6435660,-0.07,6435837,0.15,6436096,-0.52,6436273,0.27,6436524,12.02,6436707,11.77,6437048,7.60,6444454,101432,6479421,-9.24,6513272,101437,6548698,55.585695,6549212,38.081979,6549476,109.70,6549741,0.21,6550089,0.00,6550266
6586366,-0.14,6586461,-0.01,6586488,0.03,6586514,0.22,6586540,0.23,6586566,12.61,6586594,13.07,6586631,7.60,6592566,101427,6626156,-8.41,6664080,101431,6699084,55.585695,6699136,38.081979,6699174,109.70,6699214,0.21,6699256,0.00,6699282
6730909,-0.06,6731602,-0.09,6731779,-0.06,6732036,-0.51,6732213,-0.45,6732390,10.97,6732648,10.00,6732906,7.60,6740487,101428,6775367,-9.24,6809271,101428,6844658,55.585695,6845171,38.081979,6845434,109.70,6845694,0.11,6846041,0.00,6846217
6882727,0.07,6882822,-0.25,6882848,-0.06,6882874,-0.03,6882901,0.05,6882934,12.11,6882963,12.12,6882999,7.60,6888566,101423,6922156,-8.90,6960047,101430,6995084,55.585695,6995136,38.081979,6995174,109.70,6995214,0.11,6995255,0.00,6995281
7023034,0.11,7023123,-0.43,7023150,-0.08,7023176,-0.20,7023202,0.09,7023228,11.85,7023490,11.74,7023749,7.60,7031414,101436,7068248,-9.32,7102274,101431,7137657,55.585695,7138088,38.081979,7138355,109.70,7138695,0.03,7139042,0.00,7139218
7177855,0.22,7177959,-0.87,7177985,-0.13,7178011,0.75,7178037,0.16,7178063,13.30,7178091,14.20,7178128,7.60,7183566,101433,7217156,-9.32,7254013,101433,7289080,55.585695,7289136,38.081978,7289174,109.70,7289214,0.08,7289255,0.00,7289281
7368476,0.07,7369090,-0.55,7369342,-0.03,7369520,2.28,7369696,0.91,7369873,11.92,7370134,15.10,7370394,7.60,7376672,101431,7410164,-9.32,7447144,101432,7482080,55.585695,7482138,38.081978,7482176,109.70,7482216,0.11,7482258,0.00,7482284
7501822,0.04,7501919,-0.01,7501954,-0.04,7501980,2.06,7502006,0.88,7502033,11.72,7502061,14.66,7502097,7.60,7507566,101435,7543207,-9.40,7578266,101428,7612084,55.585695,7612138,38.081978,7612176,109.70,7612216,0.14,7612257,0.00,7612283
7636049,-0.04,7636657,-0.01,7636833,-0.02,7637091,2.59,7637267,1.28,7637444,11.72,7637697,15.59,7637963,7.60,7645451,101439,7680160,-8.99,7714272,101428,7749705,55.585695,7750219,38.081978,7750481,109.60,7750743,0.02,7751092,0.00,7751268
7794663,-0.11,7794760,-0.02,7794787,-0.00,7794813,2.59,7794839,1.03,7794865,11.79,7794898,15.41,7794942,7.60,7800566,101441,7836244,-8.82,7873955,101430,7908081,55.585695,7908134,38.081978,7908171,109.60,7908212,0.02,7908253,0.00,7908279
7929689,-0.12,7930383,-0.02,7930560,0.00,7930736,2.69,7930912,0.94,7931170,11.91,7931348,15.54,7931608,7.60,7939442,101429,7976275,-8.32,8010271,101430,8045671,55.585695,8046185,38.081977,8046448,109.70,8046713,0.22,8047060,297.42,8047317
8092303,-0.12,8092399,-0.02,8092425,0.00,8092451,2.66,8092477,0.85,8092503,11.71,8092536,15.22,8092572,7.60,8098566,101427,8134260,-8.99,8171972,101429,8206083,55.585695,8206136,38.081977,8206174,109.70,8206214,0.22,8206255,297.42,8206288
8225849,-0.12,8225950,-0.02,8225976,0.00,8226002,2.60,8226028,0.68,8226054,11.76,8226082,15.03,8226118,7.60,8232458,101431,8269289,-8.90,8304270,101430,8339653,55.585695,8340166,38.081977,8340429,109.60,8340695,0.02,8341042,297.42,8341300
8388014,-0.10,8388109,-0.03,8388136,0.00,8388161,2.66,8388188,0.64,8388214,11.72,8388246,15.02,8388282,7.60,8394566,101433,8430298,-8.74,8468086,101432,8503084,55.585695,8503136,38.081977,8503174,109.70,8503214,0.18,8503256,297.42,8503288
8522815,-0.10,8522908,-0.03,8522942,-0.00,8522969,2.65,8522995,0.53,8523021,11.78,8523049,14.96,8523086,7.60,8529441,101434,8566274,-8.74,8601271,101437,8636649,55.585695,8637162,38.081977,8637424,109.70,8637691,0.04,8638039,297.42,8638297
8685338,-0.08,8685433,-0.03,8685459,-0.01,8685486,2.70,8685512,0.53,8685538,11.84,8685571,15.06,8685607,7.60,8691566,101430,8725160,-9.15,8762937,101428,8798084,55.585695,8798136,38.081976,8798174,109.70,8798214,0.04,8798256,297.42,8798288
8817817,-0.08,8817910,-0.03,8817944,-0.01,8817971,2.66,8817997,0.48,8818023,11.81,8818052,14.95,8818088,7.60,8823566,101430,8860271,-8.90,8895270,101438,8930687,55.585695,8931199,38.081976,8931461,109.70,8931727,0.02,8932075,297.42,8932333
8992339,-0.07,8992434,-0.03,8992460,-0.01,8992487,2.66,8992513,0.49,8992539,11.84,8992572,14.99,8992608,7.60,8998566,101437,9034296,-9.40,9072008,101430,9106084,55.585695,9106136,38.081976,9106174,109.70,9106214,0.02,9106256,297.42,9106288
9149313,-0.06,9150004,-0.02,9150181,-0.01,9150357,2.64,9150534,0.41,9150710,11.82,9150970,14.87,9151231,7.70,9158455,101436,9193160,-9.15,9227273,101433,9263700,55.585696,9264213,38.081975,9264475,109.70,9264736,0.08,9265084,297.42,9265267
9309625,-0.06,9309721,-0.03,9309747,-0.01,9309773,2.67,9309800,0.51,9309826,11.85,9309858,15.03,9309894,7.60,9315564,101431,9351216,-9.24,9386271,101432,9420083,55.585696,9420136,38.081975,9420173,109.70,9420214,0.08,9420255,297.42,9420288
9446098,-0.06,9446712,-0.02,9446888,-0.02,9447147,2.62,9447323,0.49,9447499,11.79,9447752,14.90,9448020,7.60,9455421,101435,9490160,-8.90,9524270,101426,9560658,55.585696,9561171,38.081975,9561433,109.70,9561694,0.06,9562041,297.42,9562223
9598750,-0.06,9598845,-0.03,9598871,-0.01,9598898,2.67,9598932,0.44,9598958,11.76,9598991,14.87,9599027,7.60,9604564,101427,9640181,-8.74,9677975,101430,9712083,55.585696,9712136,38.081975,9712173,109.70,9712214,0.06,9712255,297.42,9712288
9735965,-0.06,9736575,-0.02,9736752,-0.01,9737011,2.64,9737188,0.49,9737439,11.82,9737618,14.96,9737879,7.60,9745457,101428,9780160,-9.40,9814270,101438,9849686,55.585695,9850198,38.081975,9850461,109.60,9850727,0.03,9851074,297.42,9851332
9887323,-0.06,9887418,-0.03,9887444,-0.01,9887471,2.64,9887497,0.53,9887523,11.77,9887551,14.93,9887587,7.70,9893566,101434,9928264,-8.57,9965969,101438,10001084,55.585695,10001136,38.081975,10001174,109.60,10001215,0.03,10001257,297.42,10001290
10035773,-0.06,10036383,-0.02,10036639,-0.01,10036815,2.65,10037073,0.46,10037250,11.81,10037431,14.92,10037691,7.60,10045438,101430,10080164,-8.90,10114281,101431,10149675,55.585695,10150187,38.081975,10150450,109.60,10150716,0.03,10151063,297.42,10151322
10186910,-0.06,10187012,-0.03,10187038,-0.01,10187065,2.66,10187092,0.43,10187118,11.81,10187146,14.91,10187183,7.60,10193566,101434,10228320,-9.57,10266017,101440,10301081,55.585695,10301138,38.081975,10301176,109.60,10301217,0.03,10301258,297.42,10301291
10331805,-0.06,10332497,-0.02,10332674,-0.01,10332851,2.61,10333109,0.42,10333286,11.78,10333545,14.82,10333806,7.60,10341471,101431,10377936,-8.66,10411271,101439,10446632,55.585695,10447068,38.081975,10447409,109.60,10447675,0.04,10448023,297.42,10448281
10486355,-0.06,10486450,-0.03,10486476,-0.01,10486503,2.65,10486529,0.41,10486556,11.79,10486584,14.85,10486621,7.60,10492566,101436,10526156,-9.24,10564061,101434,10599082,55.585696,10599138,38.081975,10599176,109.60,10599217,0.04,10599259,297.42,10599292
10627863,-0.06,10628479,-0.03,10628730,-0.01,10628908,2.65,10629165,0.50,10629342,11.79,10629524,14.94,10629784,7.60,10637443,101438,10674277,-8.66,10708271,101429,10743632,55.585696,10744145,38.081975,10744408,109.60,10744673,0.16,10745020,240.43,10745279
10783372,-0.06,10783467,-0.03,10783494,-0.02,10783520,2.63,10783547,0.46,10783573,11.82,10783602,14.91,10783638,7.70,10789566,101434,10823156,-9.07,10860091,101437,10895082,55.585695,10895134,38.081975,10895172,109.60,10895213,0.03,10895255,240.43,10895287
10923023,-0.06,10923117,-0.03,10923143,-0.01,10923169,2.69,10923196,0.44,10923222,11.86,10923255,14.99,10923292,7.70,10930421,101426,10967255,-8.74,11002269,101428,11037707,55.585695,11038220,38.081975,11038483,109.60,11038748,0.08,11039096,240.43,11039354
11078406,-0.06,11078502,-0.02,11078528,-0.01,11078555,2.61,11078582,0.42,11078608,11.81,11078636,14.84,11078673,7.70,11084566,101422,11118156,-7.82,11155030,101435,11190082,55.585695,11190138,38.081975,11190176,109.60,11190217,0.04,11190259,240.43,11190292
11217973,-0.06,11218066,-0.02,11218092,-0.01,11218119,2.69,11218146,0.46,11218172,11.85,11218205,15.00,11218241,7.60,11225475,101431,11262308,-8.99,11297268,101428,11332659,55.585695,11333171,38.081974,11333435,109.60,11333700,0.06,11334048,240.43,11334307
11376454,-0.06,11377069,-0.03,11377248,-0.01,11377275,2.70,11377301,0.43,11377328,11.92,11377356,15.04,11377393,7.60,11383566,101428,11417156,-9.24,11454069,101429,11489084,55.585695,11489136,38.081974,11489174,109.60,11489215,0.08,11489257,240.43,11489289
11516954,-0.06,11517047,-0.03,11517074,-0.01,11517100,2.62,11517126,0.43,11517153,11.82,11517185,14.87,11517222,7.70,11523566,101431,11560232,-8.82,11595272,101439,11630691,55.585695,11631126,38.081974,11631390,109.60,11631728,0.09,11632075,240.43,11632258
11674574,-0.06,11675043,-0.03,11675070,-0.01,11675096,2.70,11675127,0.44,11675153,11.85,11675182,14.98,11675218,7.60,11681566,101433,11715156,-9.65,11752093,101431,11787084,55.585695,11787138,38.081974,11787176,109.60,11787217,0.03,11787259,240.43,11787291
11814980,-0.06,11815071,-0.03,11815098,-0.01,11815124,2.67,11815151,0.45,11815177,11.82,11815210,14.94,11815246,7.70,11821566,101434,11857305,-9.32,11892272,101434,11926793,55.585695,11927227,38.081974,11927491,109.60,11927829,0.04,11928177,240.43,11928360
11970326,-0.06,11971021,-0.03,11971198,-0.02,11971374,2.67,11971552,0.48,11971803,11.86,11971988,15.01,11972249,7.70,11978566,101424,12012156,-8.74,12048964,101425,12084084,55.585696,12084138,38.081974,12084176,109.60,12084217,0.06,12084259,240.43,12084291
12129815,-0.06,12130429,-0.03,12130681,-0.01,12130858,2.63,12131116,0.43,12131293,11.78,12131473,14.84,12131734,7.70,12139480,101418,12176166,-8.90,12210270,101424,12245657,55.585696,12246088,38.081974,12246355,109.50,12246694,0.06,12247041,240.43,12247224
12313675,-0.06,12313768,-0.03,12313798,-0.01,12313825,2.64,12313852,0.50,12313878,11.78,12313910,14.92,12313954,7.60,12319566,101423,12356308,-8.57,12391283,101430,12425084,55.585696,12425138,38.081974,12425176,109.50,12425216,0.06,12425258,240.43,12425291
12465760,-0.06,12466370,-0.02,12466546,-0.01,12466798,2.61,12466984,0.47,12467236,11.82,12467414,14.91,12467677,7.60,12475425,101426,12509160,-9.07,12545954,101438,12581082,55.585696,12581136,38.081974,12581174,109.50,12581214,0.04,12581256,240.43,12581289
12608921,-0.06,12609024,-0.03,12609051,-0.01,12609077,2.64,12609104,0.41,12609130,11.77,12609163,14.82,12609200,7.70,12615566,101426,12652282,-8.57,12687272,101432,12721083,55.585696,12721138,38.081974,12721176,109.50,12721216,0.04,12721258,240.43,12721291
12755860,-0.06,12756554,-0.02,12756730,-0.01,12756907,2.60,12757165,0.42,12757341,11.77,12757596,14.79,12757781,7.70,12765438,101428,12800160,-8.24,12836975,101419,12873634,55.585696,12874070,38.081974,12874408,109.50,12874670,0.05,12875017,240.43,12875200
12905370,-0.06,12905468,-0.03,12905494,-0.01,12905521,2.64,12905547,0.46,12905574,11.85,12905606,14.95,12905643,7.70,12911566,101427,12947169,-8.41,12982270,101431,13016084,55.585696,13016138,38.081974,13016176,109.50,13016216,0.05,13016258,240.43,13016291
13061488,-0.06,13062179,-0.03,13062357,-0.01,13062533,2.65,13062710,0.45,13062968,11.82,13063146,14.92,13063407,7.70,13070457,101432,13104160,-9.24,13141000,101423,13176959,55.585696,13177017,38.081974,13177055,109.50,13177095,0.03,13177137,240.43,13177170
13204812,-0.06,13204909,-0.03,13204943,-0.01,13204970,2.70,13204996,0.42,13205023,11.80,13205055,14.92,13205092,7.70,13210566,101430,13246246,-9.07,13281274,101426,13315081,55.585696,13315134,38.081974,13315172,109.50,13315212,0.02,13315254,240.43,13315287
13341159,-0.06,13341846,-0.03,13342028,-0.01,13342280,2.60,13342457,0.45,13342633,11.73,13342812,14.79,13343152,7.70,13350472,101434,13385160,-8.74,13419267,101428,13454687,55.585696,13455199,38.081974,13455462,109.40,13455727,0.04,13456075,240.43,13456334
13496885,-0.06,13496988,-0.03,13497014,-0.01,13497041,2.66,13497067,0.44,13497094,11.85,13497126,14.95,13497163,7.70,13503564,101441,13539169,-9.15,13575623,101426,13609081,55.585696,13609138,38.081974,13609176,109.40,13609217,0.04,13609258,240.43,13609291
13632868,-0.06,13633563,-0.02,13633740,-0.01,13633917,2.67,13634175,0.44,13634352,11.84,13634606,14.95,13634866,7.70,13642446,101428,13677346,-9.15,13711267,101430,13746685,55.585696,13747199,38.081974,13747462,109.40,13747728,0.03,13748075,240.43,13748334
13792022,-0.06,13792118,-0.03,13792144,-0.01,13792171,2.67,13792197,0.45,13792224,11.70,13792256,14.82,13792293,7.70,13798566,101428,13834300,-8.66,13872091,101435,13907084,55.585696,13907136,38.081974,13907174,109.40,13907215,0.03,13907256,240.43,13907289
13930915,-0.06,13931611,-0.02,13931788,-0.01,13932046,2.68,13932222,0.45,13932399,11.82,13932653,14.94,13932915,7.70,13940406,101427,13975160,-8.57,14009266,101429,14044685,55.585696,14045197,38.081974,14045460,109.40,14045725,0.04,14046073,240.43,14046331
14090002,-0.06,14090097,-0.03,14090123,-0.02,14090150,2.62,14090177,0.48,14090203,11.77,14090236,14.87,14090273,7.70,14096566,101427,14132305,-8.49,14170096,101433,14204084,55.585696,14204136,38.081974,14204174,109.40,14204215,0.04,14204256,240.43,14204289
14223838,-0.06,14223939,-0.03,14223966,-0.01,14223992,2.71,14224019,0.47,14224045,11.87,14224074,15.05,14224110,7.70,14230426,101427,14267257,-8.24,14302267,101423,14337683,55.585696,14338198,38.081974,14338462,109.40,14338726,0.06,14339074,240.43,14339332
14386989,-0.06,14387085,-0.03,14387111,-0.01,14387138,2.69,14387164,0.46,14387191,11.79,14387223,14.94,14387260,7.70,14393566,101428,14427160,-9.32,14465064,101433,14500080,55.585696,14500136,38.081974,14500174,109.40,14500215,0.04,14500256,240.43,14500289
14519807,-0.06,14519901,-0.03,14519935,-0.01,14519962,2.71,14519988,0.44,14520015,11.80,14520043,14.94,14520080,7.70,14526261,101433,14563264,-8.99,14598266,101427,14633635,55.585696,14634148,38.081974,14634411,109.40,14634677,0.05,14635024,240.43,14635283
14685851,-0.06,14685954,-0.03,14685981,-0.01,14686007,2.67,14686034,0.47,14686060,11.86,14686093,15.00,14686129,7.70,14691566,101424,14725160,-8.41,14763058,101433,14798084,55.585696,14798136,38.081974,14798174,109.40,14798215,0.04,14798256,240.43,14798289
14817834,-0.06,14817935,-0.03,14817962,-0.01,14817988,2.60,14818014,0.45,14818041,11.75,14818070,14.81,14818106,7.70,14823566,101431,14860256,-8.82,14895273,101429,14930666,55.585696,14931103,38.081974,14931441,109.40,14931703,0.03,14932049,240.43,14932233
14979617,-0.06,14979715,-0.02,14979741,-0.01,14979767,2.66,14979794,0.40,14979820,11.85,14979853,14.91,14979890,7.70,14985566,101428,15019160,-8.49,15055960,101427,15091084,55.585695,15091138,38.081974,15091176,109.30,15091217,0.02,15091259,240.43,15091291
15110947,-0.06,15111038,-0.03,15111065,-0.01,15111091,2.68,15111118,0.44,15111144,11.89,15111173,15.01,15111209,7.70,15117566,101429,15153293,-8.99,15188270,101434,15222081,55.585696,15222136,38.081974,15222174,109.30,15222215,0.03,15222257,240.43,15222289
15278730,-0.06,15278828,-0.03,15278854,-0.02,15278881,2.60,15278907,0.44,15278942,11.86,15278974,14.90,15279011,7.70,15284566,101426,15318160,-8.24,15355954,101432,15391084,55.585695,15391138,38.081974,15391176,109.30,15391217,0.05,15391258,240.43,15391291
15410949,-0.06,15411040,-0.03,15411067,-0.01,15411093,2.64,15411120,0.45,15411146,11.77,15411174,14.85,15411211,7.70,15417566,101438,15453233,-8.82,15488274,101427,15522082,55.585695,15522136,38.081974,15522174,109.30,15522215,0.02,15522256,240.43,15522289
15568990,-0.06,15569682,-0.02,15569859,-0.01,15570117,2.61,15570294,0.45,15570471,11.78,15570729,14.83,15570997,7.70,15577570,101435,15611160,-8.49,15648080,101430,15683084,55.585695,15683138,38.081974,15683176,109.30,15683217,0.01,15683258,240.43,15683291
15702930,-0.06,15703022,-0.02,15703048,-0.01,15703075,2.61,15703101,0.38,15703128,11.88,15703156,14.88,15703193,7.70,15709566,101429,15745296,-8.41,15780272,101431,15814082,55.585695,15814136,38.081974,15814174,109.30,15814215,0.01,15814256,240.43,15814289
15848084,-0.06,15848775,-0.03,15848958,-0.01,15849210,2.66,15849387,0.47,15849563,11.87,15849821,15.01,15850088,7.70,15857486,101438,15892160,-9.15,15928854,101429,15965775,55.585695,15966212,38.081974,15966475,109.30,15966739,0.02,15967087,240.43,15967346
15992230,-0.06,15992321,-0.03,15992348,-0.01,15992374,2.67,15992401,0.40,15992427,11.81,15992455,14.88,15992492,7.70,15998564,101443,16034179,-8.99,16072054,101427,16106079,55.585695,16106138,38.081974,16106176,109.30,16106217,0.02,16106258,240.43,16106291
16138023,-0.06,16138637,-0.03,16138889,-0.01,16139071,2.60,16139248,0.47,16139499,11.76,16139682,14.83,16140022,7.70,16147428,101425,16182160,-8.57,16216266,101426,16251625,55.585695,16252061,38.081974,16252324,109.30,16252661,0.03,16253010,240.43,16253193
16287162,-0.06,16287252,-0.02,16287280,-0.01,16287306,2.66,16287333,0.43,16287359,11.86,16287388,14.94,16287425,7.70,16293564,101426,16329212,-8.74,16367087,101430,16402079,55.585695,16402134,38.081974,16402172,109.30,16402213,0.03,16402254,240.43,16402287
16433092,-0.06,16433782,-0.03,16433966,-0.01,16434217,2.63,16434394,0.48,16434571,11.82,16434830,14.93,16435097,7.70,16442407,101424,16478077,-8.57,16511268,101427,16546657,55.585695,16547093,38.081974,16547430,109.30,16547693,0.01,16548040,240.43,16548223
16584444,-0.06,16584534,-0.03,16584562,-0.01,16584589,2.65,16584615,0.45,16584642,11.77,16584670,14.88,16584707,7.70,16590566,101429,16625877,-8.32,16664022,101424,16699080,55.585695,16699136,38.081974,16699174,109.30,16699215,0.01,16699256,240.43,16699289
16750573,-0.06,16751268,-0.03,16751447,-0.01,16751624,2.69,16751876,0.44,16752057,11.80,16752315,14.93,16752576,7.70,16759456,101430,16794160,-8.49,16830490,101429,16866637,55.585695,16867073,38.081974,16867411,109.30,16867676,0.03,16868020,240.43,16868203
16894084,-0.06,16894173,-0.02,16894202,-0.01,16894228,2.59,16894255,0.34,16894281,11.87,16894310,14.81,16894347,7.70,16900564,101429,16936225,-8.74,16974014,101427,17008080,55.585695,17008134,38.081974,17008172,109.30,17008213,0.03,17008254,240.43,17008287
17052017,-0.06,17052629,-0.03,17052882,-0.01,17053065,2.65,17053318,0.41,17053495,11.84,17053675,14.90,17054014,7.70,17061421,101420,17096160,-8.41,17133017,101423,17169683,55.585695,17170118,38.081973,17170457,109.20,17170718,0.02,17171065,240.43,17171248
17193799,-0.06,17193888,-0.03,17193916,-0.01,17193951,2.67,17193977,0.44,17194004,11.82,17194032,14.92,17194069,7.70,17199564,101428,17233152,-8.32,17271086,101446,17306080,55.585695,17306134,38.081973,17306172,109.20,17306213,0.02,17306255,240.43,17306288
17338062,-0.06,17338677,-0.02,17338935,-0.01,17339112,2.71,17339365,0.44,17339542,11.82,17339723,14.96,17340062,7.70,17347468,101429,17382160,-8.99,17416268,101438,17451689,55.585695,17452125,38.081973,17452463,109.20,17452725,0.05,17453072,240.43,17453255
17488269,-0.06,17488359,-0.03,17488387,-0.01,17488414,2.63,17488440,0.46,17488467,11.83,17488495,14.93,17488532,7.70,17494564,101427,17530190,-8.66,17568066,101442,17603080,55.585695,17603134,38.081973,17603172,109.20,17603213,0.05,17603254,240.43,17603287
17635067,-0.06,17635679,-0.03,17635939,-0.01,17636116,2.64,17636368,0.45,17636545,11.80,17636803,14.88,17637069,7.70,17644471,101432,17679160,-8.57,17713270,101427,17748651,55.585694,17749087,38.081973,17749425,109.20,17749687,0.01,17750034,240.43,17750217
17786065,-0.06,17786154,-0.03,17786183,-0.01,17786209,2.62,17786236,0.43,17786262,11.80,17786291,14.85,17786327,7.70,17792566,101421,17826916,-7.99,17865050,101418,17900080,55.585694,17900134,38.081973,17900172,109.20,17900213,0.01,17900254,240.43,17900287
17929836,-0.06,17930531,-0.03,17930710,-0.02,17930887,2.69,17931145,0.40,17931321,11.77,17931578,14.85,17931839,7.70,17939416,101425,17976248,-8.24,18010271,101430,18045632,55.585694,18046068,38.081973,18046406,109.20,18046668,0.01,18047015,240.43,18047198
18083386,-0.06,18083476,-0.02,18083504,-0.01,18083531,2.59,18083557,0.44,18083584,11.83,18083612,14.86,18083649,7.70,18089566,101421,18124739,-8.41,18163055,101420,18198080,55.585694,18198134,38.081973,18198172,109.20,18198213,0.01,18198255,240.43,18198288
18225961,-0.06,18226056,-0.03,18226085,-0.01,18226111,2.67,18226138,0.51,18226164,11.78,18226197,14.95,18226233,7.70,18232566,101423,18268256,-7.57,18303722,101431,18338672,55.585694,18339108,38.081973,18339446,109.20,18339709,0.05,18340056,240.43,18340239
18391355,-0.06,18391445,-0.03,18391473,-0.01,18391499,2.65,18391526,0.39,18391552,11.80,18391581,14.83,18391618,7.70,18397566,101419,18433231,-8.24,18471024,101429,18505079,55.585694,18505134,38.081973,18505172,109.20,18505213,0.02,18505254,240.43,18505287
18537067,-0.06,18537682,-0.02,18537940,-0.01,18538117,2.69,18538369,0.46,18538546,11.83,18538727,14.99,18539067,7.70,18546473,101426,18581160,-9.07,18615276,101435,18650697,55.585694,18651129,38.081973,18651392,109.20,18651658,0.01,18652001,240.43,18652259
18687731,-0.06,18687822,-0.03,18687851,-0.01,18687877,2.62,18687904,0.45,18687938,11.91,18687967,14.98,18688003,7.70,18693564,101429,18729215,-8.32,18767089,101430,18802079,55.585694,18802136,38.081973,18802174,109.20,18802215,0.01,18802256,240.43,18802289
18834070,-0.06,18834683,-0.03,18834941,-0.01,18835119,2.69,18835371,0.44,18835548,11.82,18835806,14.95,18836073,7.70,18843474,101432,18878160,-8.49,18912270,101430,18947647,55.585694,18948081,38.081973,18948344,109.20,18948683,0.05,18949030,240.43,18949213
18985189,-0.06,18985280,-0.03,18985309,-0.01,18985335,2.60,18985362,0.44,18985388,11.75,18985417,14.79,18985453,7.70,18991566,101431,19025605,-8.66,19062966,101430,19098079,55.585694,19098136,38.081973,19098174,109.20,19098215,0.05,19098256,240.43,19098289
19125075,-0.06,19125685,-0.03,19125944,-0.01,19126121,2.67,19126373,0.41,19126550,11.89,19126731,14.97,19127070,7.70,19134477,101430,19171308,-8.16,19205271,101427,19239081,55.585694,19239134,38.081973,19239172,109.20,19239213,0.01,19239254,240.43,19239287
19264913,-0.06,19265604,-0.03,19265783,-0.01,19266040,2.60,19266217,0.40,19266393,11.83,19266572,14.83,19266909,7.70,19274404,101424,19309160,-8.82,19346083,101428,19381080,55.585694,19381134,38.081973,19381172,109.20,19381213,0.00,19381252,240.43,19381284
19411702,-0.06,19411797,-0.03,19411826,-0.01,19411852,2.62,19411879,0.44,19411905,11.85,19411946,14.90,19411983,7.70,19417564,101428,19454155,-8.41,19489281,101423,19524635,55.585694,19525071,38.081973,19525409,109.20,19525671,0.00,19525938,240.43,19526197
19568608,-0.06,19569297,-0.03,19569476,-0.01,19569653,2.67,19569829,0.42,19570087,11.84,19570266,14.93,19570603,7.70,19576566,101431,19610160,-9.07,19647026,101435,19682079,55.585694,19682134,38.081973,19682172,109.20,19682213,0.03,19682255,240.43,19682288
19709819,-0.06,19709914,-0.03,19709951,-0.01,19709977,2.65,19710004,0.45,19710030,11.79,19710063,14.90,19710100,7.70,19715566,101431,19751283,-8.66,19786269,101429,19820081,55.585694,19820136,38.081973,19820174,109.10,19820215,0.01,19820257,240.43,19820290
19856168,-0.06,19856776,-0.03,19857037,-0.01,19857213,2.64,19857391,0.42,19857642,11.83,19857821,14.89,19858087,7.70,19865485,101427,19900160,-8.57,19937085,101422,19973665,55.585694,19974096,38.081973,19974359,109.10,19974625,0.04,19974968,240.43,19975227
20004043,-0.06,20004139,-0.03,20004167,-0.01,20004194,2.65,20004220,0.42,20004247,11.90,20004279,14.97,20004316,7.70,20010566,101426,20046301,-8.57,20081268,101427,20115081,55.585694,20115136,38.081973,20115174,109.10,20115215,0.04,20115256,240.43,20115289
20143842,-0.06,20144456,-0.03,20144707,-0.01,20144884,2.68,20145144,0.44,20145320,11.75,20145499,14.86,20145760,7.70,20153420,101421,20188160,-9.24,20222275,101428,20257644,55.585693,20258076,38.081973,20258341,109.10,20258681,0.01,20259029,240.43,20259212
20306456,-0.06,20306552,-0.03,20306578,-0.01,20306607,2.59,20306634,0.43,20306660,11.81,20306692,14.82,20306729,7.70,20312564,101433,20348188,-8.66,20383271,101429,20417081,55.585693,20417136,38.081973,20417174,109.10,20417215,0.01,20417256,240.43,20417289
20446785,-0.06,20447395,-0.03,20447649,-0.01,20447825,2.68,20448008,0.47,20448260,11.81,20448438,14.96,20448698,7.70,20456450,101435,20491160,-8.99,20525276,101439,20561656,55.585693,20562087,38.081973,20562352,109.10,20562693,0.02,20563041,240.43,20563223
20619224,-0.06,20619320,-0.02,20619348,-0.01,20619375,2.65,20619401,0.47,20619428,11.79,20619460,14.91,20619497,7.70,20626460,101432,20663208,-8.66,20698271,101434,20733691,55.585693,20734127,38.081973,20734465,109.10,20734727,0.02,20735074,240.43,20735257
20776670,-0.06,20776759,-0.02,20776788,-0.01,20776814,2.64,20776841,0.40,20776867,11.84,20776895,14.88,20776940,7.70,20782566,101435,20816160,-8.24,20853037,101422,20888079,55.585693,20888134,38.081973,20888172,109.10,20888213,0.04,20888254,240.43,20888287
20915948,-0.06,20916044,-0.03,20916072,-0.01,20916099,2.62,20916125,0.48,20916152,11.88,20916184,14.99,20916221,7.70,20922903,101424,20960257,-8.90,20995268,101430,21030673,55.585693,21031109,38.081972,21031447,109.10,21031709,0.07,21032056,240.43,21032239
21074557,-0.06,21074793,-0.03,21074822,-0.01,21074848,2.69,21074875,0.47,21074901,11.84,21074938,15.00,21074974,7.70,21080566,101424,21114160,-8.32,21151053,101422,21186079,55.585693,21186136,38.081972,21186174,109.10,21186215,0.03,21186257,240.43,21186289
21213963,-0.06,21214059,-0.03,21214087,-0.01,21214114,2.64,21214140,0.41,21214167,11.80,21214199,14.84,21214236,7.70,21220566,101428,21256291,-9.07,21294084,101431,21329629,55.585693,21330060,38.081972,21330324,109.10,21330590,0.02,21330934,240.43,21331192
21373602,-0.06,21374293,-0.02,21374472,-0.01,21374648,2.67,21374826,0.47,21375083,11.84,21375337,14.98,21375597,7.70,21381566,101435,21415160,-8.57,21451988,101424,21487079,55.585693,21487136,38.081972,21487174,109.10,21487215,0.03,21487257,240.43,21487290
21534061,-0.06,21534671,-0.03,21534930,-0.01,21535108,2.68,21535360,0.44,21535537,11.76,21535717,14.87,21536057,7.70,21543463,101437,21578160,-8.82,21612274,101434,21647662,55.585693,21648094,38.081972,21648359,109.10,21648699,0.05,21649047,240.43,21649230
21685424,-0.06,21685516,-0.03,21685544,-0.01,21685571,2.62,21685598,0.40,21685624,11.84,21685652,14.86,21685689,7.70,21691566,101426,21725160,-8.41,21762982,101430,21798079,55.585693,21798136,38.081972,21798174,109.10,21798215,0.05,21798256,240.43,21798289
21839251,-0.06,21839863,-0.03,21840123,-0.01,21840300,2.63,21840552,0.44,21840729,11.83,21840911,14.90,21841253,7.70,21848483,101428,21883160,-9.15,21917283,101424,21952632,55.585693,21953066,38.081972,21953329,109.10,21953668,0.11,21954015,240.43,21954198
21987494,-0.06,21987586,-0.03,21987614,-0.01,21987641,2.73,21987667,0.41,21987694,11.82,21987722,14.96,21987759,7.70,21993564,101424,22029229,-7.99,22067018,101431,22102079,55.585693,22102136,38.081972,22102174,109.10,22102215,0.11,22102256,240.43,22102289
22134015,-0.06,22134625,-0.02,22134877,-0.01,22135061,2.60,22135313,0.46,22135490,11.87,22135671,14.93,22136014,7.70,22143417,101425,22178160,-8.66,22212273,101430,22247635,55.585693,22248069,38.081972,22248410,109.00,22248671,0.02,22249018,240.43,22249201
22291513,-0.06,22292129,-0.02,22292308,-0.01,22292560,2.62,22292737,0.45,22292914,11.83,22293173,14.90,22293436,7.70,22299566,101427,22335296,-8.41,22373008,101431,22407079,55.585693,22407136,38.081972,22407174,109.00,22407214,0.02,22407256,240.43,22407288
22439495,-0.06,22440188,-0.03,22440367,-0.01,22440544,2.66,22440721,0.47,22440979,11.87,22441237,15.00,22441498,7.70,22448466,101430,22483160,-8.66,22517273,101422,22552673,55.585693,22553107,38.081972,22553370,109.00,22553709,0.02,22554056,240.43,22554239
22587625,-0.06,22587716,-0.03,22587745,-0.01,22587771,2.65,22587798,0.38,22587824,11.82,22587853,14.85,22587890,7.70,22593564,101419,22629217,-7.57,22667091,101429,22702080,55.585693,22702136,38.081972,22702174,109.00,22702214,0.02,22702256,240.43,22702289
22734053,-0.06,22734663,-0.03,22734915,-0.01,22735177,2.66,22735354,0.42,22735530,11.74,22735789,14.82,22736057,7.70,22743455,101429,22778160,-8.49,22812274,101418,22847659,55.585692,22848093,38.081972,22848356,109.00,22848695,0.03,22849042,240.43,22849225
22885225,-0.06,22885317,-0.03,22885345,-0.01,22885372,2.57,22885398,0.45,22885425,11.79,22885453,14.81,22885490,7.70,22891566,101424,22925160,-8.32,22962998,101433,22998079,55.585692,22998136,38.081972,22998174,109.00,22998214,0.03,22998256,240.43,22998289
23028330,-0.06,23029023,-0.03,23029202,-0.01,23029378,2.60,23029555,0.43,23029806,11.84,23030070,14.87,23030333,7.70,23037474,101432,23074306,-8.49,23108272,101427,23143649,55.585692,23144083,38.081972,23144346,109.00,23144685,0.05,23145032,240.43,23145215
23181765,-0.06,23181856,-0.02,23181885,-0.02,23181911,2.61,23181946,0.39,23181973,11.90,23182001,14.91,23182038,7.70,23187566,101429,23221160,-7.82,23257991,101423,23293079,55.585692,23293136,38.081972,23293174,109.00,23293214,0.05,23293256,240.43,23293289
23320999,-0.06,23321093,-0.03,23321121,-0.02,23321148,2.64,23321174,0.49,23321201,11.83,23321233,14.95,23321270,7.70,23328408,101421,23365239,-8.32,23400273,101433,23435698,55.585692,23436133,38.081972,23436471,109.00,23436734,0.02,23437081,240.43,23437264
23477501,-0.06,23477593,-0.03,23477621,-0.01,23477648,2.61,23477674,0.45,23477701,11.83,23477729,14.90,23477766,7.70,23483566,101422,23517160,-8.16,23554082,101433,23589079,55.585692,23589136,38.081972,23589174,109.00,23589214,0.04,23589256,240.43,23589289
23617023,-0.06,23617116,-0.03,23617143,-0.01,23617169,2.69,23617198,0.48,23617224,11.82,23617257,14.98,23617294,7.70,23624466,101427,23661297,-8.49,23696274,101429,23731680,55.585692,23732114,38.081972,23732377,109.00,23732716,0.01,23733063,240.43,23733246
23775477,-0.06,23776091,-0.02,23776119,-0.01,23776146,2.60,23776172,0.38,23776199,11.84,23776227,14.82,23776264,7.70,23782566,101426,23816160,-8.99,23853092,101425,23888080,55.585692,23888136,38.081972,23888174,109.00,23888214,0.00,23888252,240.43,23888285
23916590,-0.06,23916683,-0.03,23916712,-0.01,23916738,2.60,23916765,0.44,23916791,11.79,23916824,14.84,23916860,7.70,23922566,101427,23959259,-8.07,23994272,101431,24029664,55.585692,24030100,38.081972,24030363,109.00,24030700,0.03,24031047,240.43,24031230
24073374,-0.06,24074065,-0.03,24074243,-0.01,24074420,2.63,24074597,0.45,24074849,11.88,24075033,14.95,24075371,7.70,24081566,101432,24115160,-8.66,24151993,101425,24187079,55.585692,24187136,38.081972,24187174,109.00,24187214,0.02,24187256,240.43,24187289
24230968,-0.06,24231062,-0.02,24231089,-0.01,24231117,2.63,24231144,0.39,24231170,11.84,24231202,14.85,24231239,7.70,24237566,101428,24274296,-8.57,24309283,101432,24344667,55.585692,24345103,38.081972,24345441,109.00,24345703,0.01,24346050,240.43,24346233
24404126,-0.06,24404218,-0.03,24404246,-0.01,24404273,2.67,24404299,0.43,24404326,11.83,24404354,14.93,24404391,7.70,24410566,101436,24446280,-8.49,24481272,101425,24515079,55.585692,24515136,38.081972,24515174,109.00,24515214,0.02,24515256,240.43,24515289
24552018,-0.06,24552628,-0.02,24552882,-0.01,24553064,2.74,24553241,0.42,24553493,11.78,24553674,14.94,24554014,7.70,24561420,101427,24596160,-8.82,24633035,101437,24669701,55.585692,24670137,38.081972,24670400,109.00,24670738,0.03,24671009,240.43,24671267
24708171,-0.06,24708262,-0.02,24708291,-0.01,24708317,2.61,24708344,0.44,24708371,11.82,24708399,14.87,24708436,7.70,24714564,101430,24750186,-9.24,24785275,101438,24819079,55.585692,24819136,38.081972,24819174,109.00,24819214,0.03,24819256,240.43,24819289
24860521,-0.06,24861212,-0.03,24861392,-0.01,24861643,2.65,24861821,0.43,24862079,11.77,24862261,14.85,24862523,7.70,24869486,101430,24903160,-8.74,24940031,101429,24975082,55.585692,24975134,38.081972,24975172,108.90,24975213,0.03,24975255,240.43,24975288
24994982,-0.06,24995074,-0.03,24995102,-0.01,24995129,2.68,24995155,0.45,24995182,11.71,24995210,14.84,24995247,7.70,25001566,101432,25037250,-8.57,25073503,101434,25107079,55.585692,25107138,38.081972,25107176,108.90,25107217,0.04,25107259,240.43,25107291
25139001,-0.06,25139614,-0.03,25139867,-0.02,25140049,2.60,25140302,0.46,25140479,11.84,25140660,14.91,25140920,7.70,25148493,101433,25183160,-8.74,25217273,101423,25252640,55.585692,25253075,38.081972,25253338,108.90,25253677,0.03,25254023,240.43,25254206
25292372,-0.06,25292463,-0.03,25292492,-0.01,25292518,2.61,25292545,0.45,25292571,11.85,25292600,14.91,25292637,7.70,25298564,101427,25334163,-8.49,25371960,101423,25406080,55.585692,25406136,38.081972,25406174,108.90,25406215,0.03,25406257,240.43,25406290
25438357,-0.06,25439047,-0.02,25439226,-0.01,25439404,2.65,25439656,0.44,25439833,11.80,25440096,14.89,25440358,7.70,25447410,101429,25482160,-8.66,25516273,101425,25551628,55.585692,25552062,38.081972,25552326,108.90,25552664,0.03,25553011,240.43,25553194
25586631,-0.06,25586722,-0.03,25586751,-0.02,25586778,2.62,25586804,0.42,25586831,11.76,25586859,14.80,25586896,7.70,25592564,101428,25626152,-8.57,25663976,101434,25699080,55.585692,25699136,38.081972,25699174,108.90,25699215,0.03,25699257,240.43,25699290
25727321,-0.06,25728016,-0.03,25728195,-0.01,25728372,2.60,25728549,0.44,25728801,11.89,25729065,14.93,25729326,7.70,25736468,101423,25773299,-8.66,25807273,101430,25842704,55.585692,25843138,38.081972,25843401,108.90,25843740,0.03,25844089,240.43,25844272
25882130,-0.06,25882222,-0.02,25882250,-0.01,25882277,2.65,25882303,0.45,25882330,11.81,25882358,14.92,25882395,7.70,25888566,101431,25922160,-8.66,25960096,101429,25995080,55.585691,25995136,38.081972,25995174,108.90,25995215,0.02,25995257,240.43,25995290
26022996,-0.06,26023090,-0.02,26023118,-0.01,26023144,2.61,26023171,0.41,26023197,11.88,26023230,14.90,26023267,7.70,26030480,101428,26067312,-8.66,26102273,101438,26137701,55.585691,26138135,38.081972,26138400,108.90,26138737,0.05,26139009,240.43,26139267
26178882,-0.06,26178980,-0.03,26179008,-0.01,26179034,2.66,26179061,0.50,26179087,11.79,26179116,14.95,26179153,7.70,26185566,101425,26219160,-8.90,26256044,101431,26291079,55.585691,26291138,38.081972,26291176,108.90,26291217,0.11,26291259,240.43,26291291
26319044,-0.06,26319138,-0.02,26319166,-0.01,26319192,2.73,26319219,0.52,26319245,11.76,26319278,15.01,26319314,7.70,26326437,101427,26363270,-8.90,26398272,101435,26433651,55.585691,26434085,38.081972,26434348,108.90,26434687,0.02,26435034,240.43,26435217
26474703,-0.06,26474795,-0.03,26474823,-0.01,26474849,2.63,26474876,0.44,26474903,11.86,26474939,14.94,26474976,7.70,26480566,101424,26514160,-7.99,26551089,101426,26586080,55.585691,26586136,38.081972,26586174,108.90,26586215,0.02,26586257,240.43,26586290
26622169,-0.06,26622262,-0.03,26622289,-0.01,26622317,2.62,26622344,0.43,26622370,11.86,26622402,14.91,26622439,7.70,26629461,101423,26666293,-8.57,26701283,101432,26736663,55.585691,26737098,38.081972,26737437,108.90,26737699,0.14,26738046,240.43,26738229
26777714,-0.06,26777806,-0.03,26777834,-0.01,26777861,2.64,26777887,0.48,26777914,11.80,26777950,14.92,26777987,7.70,26783566,101430,26817160,-8.24,26853940,101428,26889080,55.585691,26889136,38.081973,26889174,108.90,26889215,0.13,26889257,240.43,26889290
26916961,-0.06,26917055,-0.03,26917083,-0.01,26917110,2.61,26917136,0.40,26917163,11.80,26917195,14.82,26917232,7.70,26923566,101432,26960255,-8.99,26995274,101433,27030637,55.585691,27031071,38.081973,27031335,108.90,27031676,0.05,27032020,240.43,27032203
27074606,-0.06,27075000,-0.02,27075026,-0.01,27075052,2.64,27075079,0.45,27075107,11.84,27075136,14.92,27075173,7.70,27081566,101426,27115160,-8.74,27151963,101430,27187080,55.585691,27187136,38.081973,27187174,108.90,27187215,0.06,27187257,240.43,27187290
27214967,-0.06,27215061,-0.03,27215087,-0.01,27215116,2.61,27215142,0.44,27215169,11.91,27215201,14.96,27215238,7.70,27221566,101438,27257273,-9.32,27292276,101427,27327214,55.585691,27327567,38.081973,27327831,108.90,27328179,0.08,27328518,240.43,27328700
27370844,-0.08,27371535,-0.02,27371712,-0.03,27371888,2.79,27372148,1.24,27372325,11.17,27372580,15.20,27372765,7.70,27379566,101427,27413160,-8.41,27449950,101431,27485080,55.585691,27485136,38.081973,27485175,108.90,27485215,0.02,27485257,240.43,27485290
27512975,-0.04,27513069,-0.03,27513097,-0.03,27513124,2.71,27513150,0.59,27513177,11.77,27513209,15.06,27513246,7.70,27519566,101427,27555310,-9.07,27590276,101433,27624079,55.585691,27624132,38.081973,27624171,108.90,27624211,0.05,27624253,240.43,27624286
27663485,-0.07,27664178,-0.01,27664357,-0.01,27664533,2.52,27664785,0.62,27664968,11.88,27665222,15.02,27665482,7.70,27672453,101431,27706160,-9.65,27742987,101431,27778080,55.585691,27778136,38.081973,27778175,108.90,27778215,0.07,27778257,240.43,27778290
27832713,-0.11,27833407,-0.03,27833661,0.01,27833838,2.32,27834098,0.69,27834275,11.73,27834533,14.74,27834794,7.70,27842461,101428,27877160,-8.82,27911276,101429,27946633,55.585691,27947065,38.081973,27947328,108.90,27947594,0.08,27948018,240.43,27948201
27984191,-0.15,27984283,-0.03,27984311,-0.01,27984338,2.91,27984365,0.46,27984391,11.73,27984420,15.10,27984456,7.70,27990566,101426,28024160,-8.66,28061966,101429,28097080,55.585691,28097136,38.081973,28097175,108.90,28097216,0.08,28097257,240.43,28097290
28124977,-0.08,28125070,-0.02,28125099,0.03,28125125,2.72,28125152,0.56,28125179,11.75,28125211,15.04,28125248,7.70,28132487,101430,28169231,-9.07,28204276,101431,28239152,55.585691,28239503,38.081973,28239767,108.90,28240114,0.02,28240381,240.43,28240639
28311546,-0.06,28311637,-0.02,28311666,-0.01,28311692,2.62,28311719,0.11,28311745,11.96,28311774,14.69,28311811,7.70,28317566,101427,28353310,-8.66,28388271,101430,28422079,55.585691,28422136,38.081973,28422174,108.90,28422215,0.05,28422257,240.43,28422290
28469540,-0.07,28470232,-0.03,28470411,0.04,28470587,2.11,28470839,0.75,28471021,12.10,28471279,14.96,28471539,7.70,28477566,101426,28511160,-8.32,28548070,101431,28583082,55.585691,28583134,38.081973,28583172,108.90,28583213,0.03,28583255,240.43,28583288
28602846,-0.13,28602943,-0.02,28602972,-0.01,28602998,2.67,28603025,0.33,28603052,11.74,28603080,14.74,28603117,7.70,28608566,101434,28644270,-9.07,28679274,101429,28713079,55.585691,28713134,38.081973,28713172,108.90,28713213,0.04,28713255,240.43,28713288
28747484,-0.09,28748179,-0.02,28748358,0.00,28748535,2.61,28748787,0.07,28748970,11.73,28749226,14.41,28749486,7.70,28756454,101431,28791160,-8.57,28827136,101430,28863629,55.585691,28864065,38.081973,28864403,108.90,28864666,0.04,28865012,240.43,28865195
28891185,-0.06,28891274,-0.03,28891303,-0.02,28891329,2.62,28891356,-0.27,28891383,11.93,28891411,14.28,28891448,7.70,28897564,101420,28933224,-8.49,28971012,101430,29005080,55.585691,29005134,38.081973,29005173,108.90,29005214,0.04,29005255,240.43,29005288
29078070,0.05,29078165,-0.06,29078194,-0.02,29078220,2.97,29078247,-0.34,29078274,9.02,29078304,11.65,29078341,7.70,29084566,101430,29118160,-8.90,29156031,101430,29191082,55.585691,29191136,38.081973,29191175,108.80,29191215,0.03,29191257,240.43,29191290
29210820,-0.11,29210909,-0.03,29210946,0.00,29210972,2.51,29210999,-0.14,29211025,11.77,29211054,14.14,29211091,7.70,29216566,101429,29252279,-7.99,29287273,101430,29321079,55.585691,29321134,38.081973,29321172,108.80,29321213,0.05,29321255,240.43,29321287
29363964,-0.12,29364577,-0.03,29364830,-0.01,29365014,2.76,29365265,-0.26,29365443,12.03,29365700,14.54,29365886,7.70,29373456,101429,29407160,-9.24,29443934,101431,29479082,55.585691,29479136,38.081973,29479175,108.80,29479215,0.05,29479257,240.43,29479290
29498921,-0.08,29499016,-0.03,29499044,-0.01,29499071,2.68,29499097,-0.13,29499124,11.86,29499152,14.40,29499189,7.70,29505566,101428,29541261,-8.24,29576301,101429,29610079,55.585691,29610134,38.081973,29610173,108.80,29610213,0.09,29610255,240.43,29610287
29644084,-0.06,29644774,-0.02,29645034,-0.02,29645211,2.56,29645387,-0.24,29645565,11.85,29645821,14.17,29646086,7.70,29653484,101431,29688160,-9.15,29722271,101432,29758634,55.585691,29759069,38.081973,29759408,108.80,29759670,0.05,29760016,240.43,29760199
29789734,-0.01,29789823,-0.03,29789852,-0.02,29789878,2.61,29789905,-0.23,29789940,11.73,29789968,14.12,29790005,7.70,29795564,101425,29831204,-8.16,29869080,101426,29903079,55.585691,29903134,38.081973,29903172,108.80,29903213,0.05,29903255,240.43,29903287
29935036,-0.03,29935648,-0.03,29935901,-0.02,29936083,2.72,29936336,-0.09,29936512,11.86,29936694,14.48,29937033,7.70,29944440,101428,29979160,-7.82,30013270,101426,30048641,55.585691,30049077,38.081973,30049416,108.80,30049678,0.02,30050024,240.43,30050207
30086247,-0.02,30086337,-0.03,30086365,-0.02,30086392,2.69,30086418,0.00,30086444,11.81,30086473,14.50,30086509,7.70,30092566,101423,30127731,-8.74,30166047,101434,30201080,55.585691,30201136,38.081973,30201175,108.80,30201215,0.02,30201257,240.43,30201290
30228948,-0.03,30229044,-0.03,30229073,-0.02,30229099,2.65,30229126,0.02,30229152,11.83,30229185,14.50,30229221,7.70,30235566,101426,30272313,-8.99,30307272,101428,30342674,55.585691,30343110,38.081973,30343373,108.80,30343711,0.04,30344057,240.43,30344241
30382500,-0.04,30382591,-0.03,30382617,-0.02,30382644,2.61,30382671,0.09,30382697,11.77,30382725,14.48,30382762,7.70,30388566,101432,30422160,-8.66,30460023,101426,30495080,55.585691,30495138,38.081973,30495177,108.80,30495217,0.01,30495259,240.43,30495292
30525837,-0.05,30526534,-0.03,30526711,-0.02,30526888,2.65,30527146,0.03,30527323,11.83,30527579,14.52,30527840,7.70,30535417,101430,30572174,-8.57,30606270,101426,30641765,55.585691,30642124,38.081973,30642463,108.80,30642724,0.03,30643071,240.43,30643254
30680651,-0.06,30680742,-0.03,30680769,-0.01,30680795,2.61,30680822,0.04,30680848,11.80,30680876,14.45,30680913,7.70,30686566,101424,30720160,-9.74,30757077,101431,30792080,55.585691,30792138,38.081973,30792177,108.80,30792217,0.03,30792259,240.43,30792292
30819963,-0.08,30820060,-0.03,30820087,-0.01,30820113,2.48,30820140,0.00,30820166,11.75,30820199,14.23,30820236,7.70,30827410,101427,30864242,-8.82,30899275,101425,30934693,55.585691,30935127,38.081973,30935390,108.80,30935729,0.02,30936076,240.43,30936259
30975662,-0.07,30975756,-0.03,30975782,-0.02,30975809,2.71,30975835,0.08,30975862,11.84,30975890,14.63,30975935,7.70,30981566,101430,31015160,-9.32,31052064,101430,31087080,55.585691,31087138,38.081973,31087177,108.80,31087217,0.02,31087259,240.43,31087292
31134062,-0.07,31134674,-0.04,31134850,-0.02,31135187,2.49,31135364,-0.22,31135541,11.92,31135799,14.19,31136067,7.70,31143465,101427,31178160,-8.99,31212268,101424,31247769,55.585691,31248205,38.081973,31248470,108.80,31248736,0.07,31249081,240.43,31249340
31285321,0.07,31285413,0.03,31285439,-0.02,31285466,2.57,31285492,0.38,31285519,11.89,31285547,14.84,31285583,7.70,31291566,101434,31327280,-8.66,31365070,101425,31400079,55.585691,31400138,38.081973,31400176,108.80,31400217,0.07,31400259,240.43,31400292
31442457,-0.06,31443146,-0.05,31443323,-0.02,31443500,2.85,31443678,0.97,31443938,11.53,31444195,15.35,31444456,7.70,31451423,101437,31486160,-8.66,31520281,101433,31555768,55.585691,31556203,38.081973,31556467,108.80,31556733,0.04,31557078,240.43,31557336
31589562,-0.09,31589654,-0.03,31589680,-0.04,31589707,2.29,31589733,0.16,31589760,12.02,31589788,14.48,31589825,7.70,31595564,101430,31631185,-8.90,31669060,101426,31703081,55.585691,31703136,38.081973,31703174,108.80,31703215,0.04,31703257,240.43,31703289
31735028,-0.01,31735719,-0.02,31735896,0.00,31736153,2.79,31736331,0.49,31736508,11.76,31736766,15.05,31737033,7.70,31744431,101437,31779160,-8.99,31813266,101437,31848787,55.585691,31849224,38.081973,31849488,108.80,31849754,0.03,31850099,240.43,31850357
31883895,-0.05,31883993,-0.03,31884019,-0.02,31884046,2.49,31884073,0.20,31884099,11.85,31884127,14.54,31884164,7.70,31890564,101428,31926210,-8.90,31964085,101435,31999082,55.585691,31999136,38.081973,31999175,108.80,31999215,0.03,31999257,240.43,31999290
32050674,-0.07,32051367,-0.02,32051544,-0.01,32051721,2.82,32051898,0.20,32052234,11.90,32052417,14.91,32052679,7.70,32060426,101427,32095160,-8.57,32132014,101439,32168674,55.585691,32169187,38.081973,32169451,108.80,32169715,0.02,32170064,240.43,32170322
32192804,-0.07,32192895,-0.02,32192922,-0.01,32192956,2.70,32192982,0.29,32193009,11.77,32193037,14.76,32193074,7.70,32198564,101432,32232152,-9.07,32270062,101427,32305080,55.585691,32305138,38.081973,32305177,108.80,32305217,0.02,32305259,240.43,32305292
32337072,-0.07,32337684,-0.02,32337946,-0.01,32338199,2.59,32338376,0.22,32338552,11.86,32338810,14.66,32339078,7.80,32346476,101423,32381160,-8.99,32415266,101435,32450707,55.585691,32451143,38.081973,32451481,108.80,32451748,0.05,32452096,240.43,32452355
32486787,-0.07,32486878,-0.02,32486905,-0.01,32486939,2.64,32486966,0.23,32486992,11.86,32487021,14.72,32487057,7.80,32492566,101429,32528272,-8.32,32566063,101430,32601080,55.585691,32601138,38.081973,32601177,108.80,32601217,0.05,32601259,240.43,32601292
32633054,-0.08,32633664,-0.04,32633917,-0.02,32634180,2.68,32634357,0.12,32634534,11.65,32634792,14.45,32635058,7.70,32642456,101430,32677207,-8.49,32711268,101423,32746787,55.585691,32747224,38.081973,32747488,108.80,32747755,0.05,32748099,240.43,32748357
32784397,-0.04,32784488,-0.02,32784514,-0.02,32784541,2.83,32784568,0.15,32784594,12.02,32784622,15.00,32784659,7.80,32790566,101428,32824160,-8.32,32862083,101428,32897082,55.585691,32897136,38.081973,32897175,108.80,32897215,0.05,32897257,240.43,32897290
32924972,-0.02,32925070,-0.03,32925096,-0.01,32925123,2.70,32925149,0.14,32925175,12.06,32925208,14.90,32925245,7.80,32932443,101433,32969276,-9.07,33004274,101427,33039634,55.585691,33040071,38.081973,33040410,108.80,33040672,0.04,33041018,240.43,33041202
33079373,-0.05,33079466,-0.03,33079493,-0.01,33079519,2.60,33079546,0.53,33079572,11.74,33079600,14.87,33079637,7.80,33085566,101427,33119160,-8.99,33156963,101430,33192081,55.585691,33192138,38.081973,33192176,108.80,33192217,0.04,33192259,240.43,33192292
33219995,0.05,33220091,-0.03,33220118,-0.02,33220144,2.63,33220171,0.42,33220197,11.79,33220230,14.84,33220267,7.80,33227450,101438,33264282,-8.99,33299268,101435,33334756,55.585691,33335113,38.081973,33335376,108.80,33335715,0.04,33336061,240.43,33336244
33375166,-0.09,33375256,-0.02,33375282,-0.01,33375313,2.63,33375340,0.50,33375366,11.97,33375394,15.10,33375431,7.80,33381566,101428,33415160,-8.32,33451952,101431,33487082,55.585691,33487138,38.081973,33487176,108.80,33487217,0.02,33487259,240.43,33487292
33515480,-0.10,33515576,-0.02,33515602,-0.00,33515629,2.61,33515656,0.44,33515682,11.73,33515715,14.78,33515751,7.80,33521566,101439,33558230,-8.90,33593268,101437,33628149,55.585691,33628500,38.081973,33628764,108.80,33629112,0.06,33629449,240.43,33629632
33671604,-0.17,33672293,-0.02,33672474,0.01,33672651,2.73,33672903,0.23,33673085,11.91,33673339,14.87,33673599,7.80,33679566,101437,33713160,-9.07,33750027,101436,33785080,55.585691,33785138,38.081973,33785176,108.80,33785217,0.05,33785259,240.43,33785292