time_1,gyro_X,time_2,gyro_Y,time_3,gyro_Z,time_4,acceleration_X,time_5,acceleration_Y,time_6,acceleration_Z,time_7,Resultant g,time_8,Temperature,time_9,Pressure,time_10,Altitude,time_11,Pressure at sealevel (calculated),time_12,Latitude,time_13,Longitude,time_14,GPS_Altitude,time_15,speed,time_16,course,time_17
2825175,-0.05,2825314,-0.03,2825360,-0.04,2825405,-2.85,2825451,1.07,2825498,1.75,2825545,3.51,2825593,24.10,2831800,100583,2868597,61.96,2903698,100583,2937483,55.604406,2937559,38.106513,2937624,65.60,2937683,7.52,2937741,345.12,2937803
3015949,-0.05,3016024,-0.03,3016050,-0.04,3016076,-2.85,3016106,1.07,3016140,1.76,3016170,3.51,3016197,24.10,3021791,100592,3058209,61.54,3094422,100587,3128475,55.604432,3128520,38.106531,3128558,53.90,3128589,4.95,3128618,337.78,3128651
3140325,-0.05,3140398,-0.03,3140424,-0.10,3140451,-2.85,3140481,1.07,3140515,1.76,3140545,3.51,3140572,24.10,3146789,100591,3184222,61.29,3220570,100583,3256838,55.604437,3257187,38.106530,3257450,52.30,3257630,4.76,3257886,336.30,3258149
3329367,-0.05,3329436,-0.03,3329462,-0.04,3329488,-2.85,3329518,1.07,3329552,1.75,3329583,3.51,3329609,24.10,3335791,100591,3372179,61.96,3407577,100581,3441475,55.604439,3441521,38.106529,3441558,51.60,3441589,4.72,3441618,335.52,3441651
3460363,-0.05,3460882,-0.03,3461140,-0.04,3461317,-2.85,3461573,1.07,3461757,1.75,3462018,3.51,3462270,24.10,3470028,100591,3505527,61.46,3539570,100590,3575820,55.604446,3576169,38.106523,3576432,50.40,3576613,5.05,3576868,333.20,3577131
3599247,-0.05,3599316,-0.03,3599342,-0.04,3599368,-2.85,3599398,1.07,3599432,1.76,3599463,3.52,3599489,24.10,3605791,100591,3639531,61.29,3677560,100589,3712475,55.604446,3712521,38.106523,3712558,50.40,3712589,5.05,3712618,333.20,3712651
3775804,-0.05,3776325,-0.03,3776502,-0.04,3776755,-2.85,3776934,1.07,3777274,1.76,3777455,3.51,3777631,24.10,3785033,100588,3820527,61.63,3857432,100591,3893499,55.604458,3893547,38.106516,3893585,48.50,3893615,5.00,3893644,333.87,3893677
3905285,-0.05,3905354,-0.03,3905380,-0.04,3905406,-2.85,3905437,1.07,3905470,1.75,3905501,3.51,3905527,24.10,3911791,100583,3945531,61.54,3983590,100587,4018475,55.604458,4018523,38.106516,4018560,48.50,4018591,5.00,4018619,333.87,4018652
4085809,-0.05,4086337,-0.03,4086513,-0.10,4086765,-2.85,4086946,1.07,4087211,1.76,4087467,3.52,4087644,24.10,4093789,100582,4127527,61.54,4164593,100583,4199475,55.604467,4199521,38.106503,4199558,46.70,4199589,5.16,4199619,331.16,4199652
4211309,-0.05,4211378,-0.03,4211404,-0.04,4211430,-2.85,4211461,1.07,4211494,1.76,4211525,3.51,4211551,24.10,4217791,100591,4254172,61.96,4292417,100594,4326475,55.604470,4326521,38.106505,4326558,46.70,4326589,4.65,4326618,329.70,4326651
4346316,0.01,4346388,-0.03,4346415,-0.04,4346441,-2.85,4346471,1.07,4346505,1.76,4346535,3.51,4346562,24.20,4354012,100590,4392237,61.71,4426570,100589,4462841,55.604472,4463191,38.106510,4463454,44.90,4463635,4.43,4463890,330.02,4464153
4491406,-0.05,4491846,-0.03,4492104,-0.04,4492281,-2.85,4492461,1.07,4492495,1.75,4492525,3.51,4492552,24.20,4498791,100590,4532531,61.37,4569538,100581,4604475,55.604473,4604521,38.106510,4604558,44.30,4604589,4.33,4604618,329.56,4604651
4624302,-0.05,4624375,-0.03,4624401,-0.04,4624427,-2.85,4624457,1.07,4624491,1.75,4624522,3.51,4624548,24.20,4630789,100580,4667190,61.96,4702570,100583,4736475,55.604477,4736521,38.106508,4736558,43.50,4736588,4.34,4736618,327.77,4736650
4752080,0.01,4752519,-0.03,4752696,-0.04,4752947,-2.85,4753209,1.07,4753392,1.75,4753648,3.52,4753824,24.20,4762090,100582,4797531,62.30,4831576,100588,4867855,55.604478,4868205,38.106509,4868468,43.10,4868648,4.28,4868903,326.79,4869167
4899934,-0.11,4900012,-0.03,4900038,-0.10,4900065,-2.85,4900095,1.07,4900129,1.75,4900159,3.51,4900185,24.20,4905789,100590,4939527,61.96,4976433,100592,5011475,55.604481,5011523,38.106506,5011560,42.50,5011590,4.28,5011619,326.79,5011652
5023330,-0.11,5023401,-0.03,5023427,-0.04,5023453,-2.85,5023484,1.07,5023517,1.76,5023548,3.52,5023574,24.20,5029791,100590,5066204,61.96,5101579,100592,5135474,55.604483,5135519,38.106504,5135556,41.40,5135587,3.39,5135616,329.67,5135649
5173737,-0.05,5174347,-0.03,5174598,-0.04,5174775,-2.85,5174956,1.07,5175294,1.75,5175475,3.51,5175652,24.20,5183053,100594,5219527,61.63,5256663,100587,5292475,55.604485,5292523,38.106504,5292560,41.00,5292591,3.30,5292620,331.49,5292652
5306838,-0.05,5306913,0.03,5306939,-0.04,5306965,-2.85,5307003,1.07,5307037,1.76,5307067,3.51,5307094,24.20,5312791,100588,5346531,61.54,5385663,100588,5421475,55.604485,5421521,38.106504,5421559,41.00,5421589,3.30,5421618,331.49,5421650
5443025,-0.05,5443100,0.03,5443126,-0.04,5443152,-2.85,5443182,1.07,5443216,1.76,5443246,3.51,5443273,24.20,5450915,100589,5489233,61.54,5523576,100586,5559885,55.604490,5560236,38.106503,5560499,39.80,5560755,3.45,5560934,333.00,5561197
5591841,0.01,5592368,-0.03,5592544,-0.10,5592721,-2.85,5592974,1.07,5593239,1.76,5593420,3.51,5593673,24.20,5599791,100595,5633531,61.37,5670680,100591,5705475,55.604490,5705519,38.106500,5705556,39.30,5705587,3.51,5705616,328.75,5705648
5719152,0.01,5719227,-0.03,5719253,-0.10,5719279,-2.85,5719310,1.07,5719343,1.76,5719374,3.52,5719400,24.20,5725789,100591,5762220,61.29,5798576,100588,5832475,55.604492,5832523,38.106498,5832561,38.40,5832591,3.65,5832621,322.58,5832653
5874950,0.01,5875477,-0.09,5875654,-0.10,5875831,-2.84,5876167,1.08,5876350,1.75,5876603,3.51,5876780,24.20,5884091,100589,5919531,61.71,5956607,100591,5993724,55.604491,5993768,38.106504,5993805,37.90,5993836,3.42,5993866,320.43,5993898
6007215,0.44,6007290,0.03,6007316,-0.04,6007343,-2.86,6007373,1.14,6007407,1.74,6007437,3.53,6007464,24.20,6013789,100593,6049675,61.04,6087555,100594,6121475,55.604491,6121524,38.106504,6121562,37.90,6121593,3.42,6121622,320.43,6121655
6143043,-0.78,6143118,0.10,6143144,-0.35,6143170,-2.85,6143201,0.95,6143234,1.75,6143265,3.48,6143291,24.20,6151151,100593,6189215,61.21,6223588,100588,6259831,55.604489,6260178,38.106520,6260441,36.90,6260621,3.05,6260876,315.34,6261140
6290941,-0.85,6291023,0.16,6291050,-0.16,6291076,-2.84,6291106,1.16,6291140,1.76,6291171,3.54,6291197,24.20,6296789,100589,6330527,61.12,6367563,100592,6402475,55.604488,6402523,38.106524,6402560,36.70,6402591,2.91,6402621,313.08,6402653
6424067,0.44,6424142,-0.15,6424168,0.02,6424194,-2.85,6424225,1.11,6424259,1.75,6424289,3.53,6424316,24.20,6430791,100586,6467192,61.63,6502589,100588,6536475,55.604486,6536518,38.106526,6536556,36.40,6536587,2.78,6536616,308.01,6536649
6553751,-0.48,6554352,0.10,6554529,-0.10,6554705,-2.85,6554961,1.03,6555226,1.75,6555407,3.50,6555659,24.20,6563067,100582,6598527,61.46,6632576,100587,6668827,55.604485,6669179,38.106529,6669442,36.00,6669698,2.81,6669877,305.63,6670140
6703782,-0.11,6703855,0.03,6703882,-0.10,6703908,-2.85,6703938,1.06,6703972,1.76,6704010,3.51,6704036,24.20,6709791,100586,6743531,62.63,6782676,100583,6817471,55.604485,6817517,38.106535,6817555,35.60,6817585,2.81,6817615,305.63,6817647
6830957,0.01,6831041,-0.03,6831067,-0.10,6831093,-2.85,6831124,1.06,6831157,1.76,6831188,3.51,6831214,24.20,6836789,100590,6873168,61.12,6908579,100588,6942475,55.604483,6942521,38.106541,6942559,35.40,6942590,2.45,6942619,302.43,6942651
6985473,0.07,6985997,-0.03,6986249,-0.04,6986426,-2.85,6986605,1.09,6986864,1.76,6987125,3.52,6987302,24.20,6995131,100591,7029531,61.63,7066658,100590,7102475,55.604481,7102521,38.106541,7102558,35.40,7102589,2.41,7102619,300.19,7102651
7115946,0.13,7116029,-0.09,7116056,0.02,7116082,-2.85,7116112,1.10,7116146,1.75,7116176,3.52,7116203,24.20,7121789,100591,7158189,61.71,7196294,100587,7230475,55.604478,7230521,38.106535,7230559,35.40,7230589,2.46,7230619,293.60,7230651
7261223,-0.30,7261741,0.03,7261917,-0.10,7262175,-2.85,7262356,1.04,7262615,1.75,7262872,3.51,7263054,24.20,7271144,100586,7306531,61.96,7340587,100590,7376884,55.604475,7377234,38.106529,7377497,35.50,7377677,2.56,7377932,288.84,7378195
7402820,-0.24,7402895,0.03,7402921,-0.10,7402948,-2.85,7402978,1.05,7403020,1.76,7403050,3.51,7403077,24.20,7408789,100577,7442527,61.04,7480595,100588,7515475,55.604475,7515525,38.106529,7515563,35.50,7515593,2.56,7515622,288.84,7515655
7529098,0.01,7529173,-0.03,7529200,-0.04,7529226,-2.85,7529256,1.08,7529290,1.76,7529320,3.52,7529347,24.20,7535791,100595,7572226,61.37,7608588,100591,7642475,55.604467,7642519,38.106519,7642557,35.60,7642588,2.75,7642617,277.99,7642650
7679335,-0.11,7679862,-0.03,7680118,-0.10,7680294,-2.85,7680549,1.07,7680733,1.76,7681071,3.52,7681248,24.20,7689003,100590,7723527,61.37,7760685,100589,7796725,55.604465,7796773,38.106521,7796811,35.70,7796841,2.65,7796871,276.53,7796904
7811081,0.01,7811156,-0.09,7811182,-0.04,7811208,-2.85,7811239,1.08,7811272,1.75,7811303,3.52,7811329,24.20,7817791,100591,7854190,61.21,7891923,100594,7925475,55.604462,7925519,38.106527,7925557,35.70,7925588,2.58,7925617,275.48,7925650
7946919,-0.11,7947002,-0.03,7947028,-0.10,7947054,-2.85,7947085,1.06,7947118,1.75,7947149,3.51,7947175,24.20,7954075,100595,7992211,61.12,8026579,100591,8062817,55.604459,8063169,38.106523,8063432,35.60,8063688,2.70,8063867,273.49,8064130
8093220,-0.05,8093295,-0.03,8093321,-0.10,8093348,-2.85,8093378,1.07,8093412,1.75,8093442,3.51,8093469,24.20,8099791,100593,8133531,61.21,8170677,100596,8205475,55.604455,8205519,38.106516,8205556,35.60,8205587,2.90,8205616,270.55,8205649
8227037,-0.05,8227112,0.03,8227138,-0.04,8227164,-2.85,8227195,1.07,8227228,1.75,8227259,3.51,8227285,24.20,8233789,100595,8270183,60.79,8305578,100600,8339474,55.604454,8339523,38.106521,8339560,35.20,8339591,2.62,8339621,270.80,8339653
8356776,-0.05,8357376,-0.03,8357553,-0.04,8357729,-2.85,8357993,1.07,8358252,1.76,8358507,3.51,8358684,24.20,8366082,100591,8401531,61.04,8435588,100595,8471865,55.604454,8472215,38.106525,8472478,35.00,8472659,2.50,8472913,272.88,8473177
8506300,0.01,8506375,-0.03,8506402,-0.10,8506428,-2.85,8506458,1.08,8506492,1.75,8506522,3.52,8506549,24.20,8512789,100596,8546527,60.45,8585588,100593,8620475,55.604453,8620521,38.106529,8620559,34.80,8620589,2.50,8620618,272.88,8620651
8634078,-0.11,8634151,-0.03,8634177,-0.10,8634204,-2.85,8634234,1.06,8634268,1.76,8634298,3.52,8634325,24.20,8640791,100590,8678219,61.21,8713587,100587,8747475,55.604452,8747521,38.106533,8747558,34.80,8747589,2.13,8747618,278.96,8747651
8794854,-0.05,8795458,-0.03,8795634,-0.10,8795811,-2.85,8795917,1.07,8795950,1.76,8795981,3.52,8796015,24.20,8801789,100599,8835527,60.87,8872542,100590,8907475,55.604447,8907520,38.106518,8907558,35.20,8907589,2.38,8907618,274.83,8907651
8921045,-0.05,8921118,-0.03,8921144,-0.04,8921171,-2.85,8921201,1.07,8921235,1.76,8921265,3.52,8921292,24.20,8927791,100597,8964181,61.29,8999586,100598,9033475,55.604441,9033520,38.106510,9033558,35.80,9033589,2.45,9033618,269.52,9033651
9060470,-0.05,9061000,-0.03,9061252,-0.04,9061428,-2.85,9061608,1.07,9061867,1.76,9062128,3.51,9062305,24.20,9070055,100597,9106527,60.87,9140580,100596,9176889,55.604440,9177239,38.106510,9177502,35.60,9177759,2.45,9177939,269.78,9178203
9202999,0.01,9203072,-0.03,9203098,-0.04,9203124,-2.85,9203155,1.07,9203188,1.75,9203219,3.52,9203245,24.20,9209791,100593,9243531,60.79,9281656,100593,9317475,55.604440,9317520,38.106510,9317558,35.60,9317589,2.45,9317618,269.78,9317651
9339022,-0.05,9339097,-0.03,9339124,-0.04,9339150,-2.85,9339180,1.07,9339214,1.76,9339245,3.51,9339271,24.20,9345789,100596,9383229,61.04,9419578,100597,9455868,55.604438,9456220,38.106507,9456483,34.40,9456739,2.59,9456918,273.18,9457183
9487916,0.01,9488441,-0.03,9488616,-0.04,9488793,-2.85,9489055,1.07,9489312,1.75,9489567,3.51,9489745,24.20,9495791,100594,9529531,60.79,9566600,100590,9601475,55.604438,9601519,38.106517,9601557,34.40,9601587,2.19,9601617,275.49,9601649
9615192,-0.05,9615267,-0.03,9615293,-0.04,9615319,-2.85,9615350,1.07,9615383,1.75,9615414,3.51,9615440,24.20,9621789,100589,9658228,60.87,9694578,100593,9728474,55.604437,9728523,38.106532,9728560,34.30,9728591,1.72,9728621,275.49,9728653
9750110,0.01,9750185,-0.03,9750211,-0.04,9750237,-2.85,9750268,1.07,9750301,1.75,9750332,3.52,9750358,24.20,9758117,100592,9796181,60.70,9830588,100593,9866888,55.604434,9867235,38.106533,9867499,34.40,9867680,1.66,9867936,275.49,9868199
9895284,0.01,9895359,-0.03,9895385,-0.10,9895411,-2.85,9895442,1.07,9895475,1.75,9895506,3.51,9895532,24.20,9901789,100600,9935527,61.21,9972599,100595,10007475,55.604432,10007523,38.106547,10007561,34.60,10007592,1.32,10007622,275.49,10007655
10037009,-0.05,10037094,-0.03,10037121,-0.04,10037147,-2.86,10037178,1.07,10037212,1.75,10037243,3.52,10037269,24.20,10043791,100589,10081181,60.20,10116606,100597,10150475,55.604428,10150519,38.106552,10150557,35.30,10150588,0.92,10150617,275.49,10150650
10183909,-0.05,10184434,-0.03,10184687,-0.04,10184864,-2.85,10185123,1.07,10185307,1.75,10185563,3.51,10185740,24.20,10194091,100600,10228529,60.96,10265613,100586,10300471,55.604427,10300519,38.106553,10300557,35.40,10300588,0.85,10300618,275.49,10300651
10321999,-0.05,10322074,-0.03,10322101,-0.04,10322127,-2.85,10322158,1.07,10322192,1.76,10322222,3.52,10322249,24.20,10328789,100592,10365191,60.79,10400583,100593,10434475,55.604425,10434519,38.106552,10434557,35.40,10434588,0.88,10434617,275.49,10434650
10449794,-0.05,10450319,-0.03,10450570,-0.10,10450747,-2.85,10450929,1.07,10451265,1.76,10451447,3.52,10451624,24.20,10459103,100597,10494529,60.96,10528588,100599,10564736,55.604426,10565166,38.106544,10565430,34.70,10565686,0.99,10565865,275.49,10566129
10601700,-0.05,10601773,-0.03,10601800,-0.04,10601826,-2.85,10601857,1.07,10601891,1.76,10601922,3.52,10601948,24.20,10607789,100599,10641529,61.04,10678558,100599,10713475,55.604427,10713521,38.106536,10713559,34.20,10713590,0.99,10713620,275.49,10713653
10726999,0.01,10727076,-0.03,10727103,-0.04,10727129,-2.85,10727160,1.07,10727194,1.76,10727224,3.52,10727251,24.20,10733791,100596,10770240,60.87,10805586,100595,10839475,55.604423,10839521,38.106521,10839559,34.40,10839590,0.93,10839620,275.49,10839653
10882776,-0.11,10883303,-0.03,10883480,-0.04,10883732,-2.85,10883913,1.06,10884179,1.75,10884435,3.51,10884612,24.20,10891933,100588,10925529,60.79,10962551,100595,10997475,55.604420,10997521,38.106517,10997559,34.70,10997590,0.83,10997619,275.49,10997652
11010972,0.01,11011056,-0.09,11011082,0.02,11011108,-2.85,11011139,1.07,11011173,1.77,11011204,3.52,11011230,24.20,11017791,100592,11054217,60.62,11091360,100601,11125475,55.604417,11125521,38.106509,11125559,34.70,11125590,0.81,11125619,275.49,11125652
11147087,-0.11,11147160,-0.03,11147187,-0.10,11147213,-2.85,11147244,1.07,11147278,1.76,11147309,3.52,11147335,24.20,11155044,100596,11193184,60.62,11227580,100599,11263835,55.604416,11264186,38.106499,11264450,35.00,11264705,1.01,11264885,275.49,11265149
11294550,-0.11,11294628,0.03,11294654,-0.04,11294681,-2.85,11294712,1.06,11294745,1.76,11294776,3.51,11294802,24.20,11300791,100599,11334529,61.12,11371618,100596,11406475,55.604416,11406521,38.106490,11406559,34.80,11406590,1.07,11406620,275.49,11406652
11428071,0.01,11428144,-0.03,11428171,-0.04,11428197,-2.85,11428228,1.08,11428262,1.76,11428292,3.52,11428319,24.30,11434789,100596,11471249,61.12,11506581,100591,11540475,55.604417,11540521,38.106482,11540559,34.70,11540589,1.13,11540619,275.49,11540652
11556644,-0.11,11557170,-0.03,11557422,-0.04,11557598,-2.85,11557778,1.07,11558119,1.76,11558298,3.51,11558476,24.30,11566130,100592,11602529,60.96,11636590,100594,11672763,55.604418,11673190,38.106474,11673454,34.50,11673635,1.29,11673889,275.49,11674153
11722287,-0.05,11722360,-0.03,11722387,-0.04,11722413,-2.85,11722444,1.07,11722478,1.77,11722508,3.52,11722535,24.20,11728789,100596,11765172,61.29,11800582,100599,11834474,55.604418,11834519,38.106464,11834557,34.30,11834588,1.29,11834617,275.49,11834650
11847957,-0.05,11848039,-0.03,11848065,-0.04,11848092,-2.85,11848123,1.07,11848157,1.76,11848187,3.51,11848214,24.30,11855111,100596,11893173,60.96,11927588,100596,11963796,55.604415,11964226,38.106454,11964490,34.50,11964746,1.30,11964925,275.49,11965189
11999906,-0.05,11999982,-0.03,12000016,-0.10,12000043,-2.85,12000074,1.07,12000108,1.76,12000138,3.51,12000165,24.30,12005789,100601,12039529,60.87,12076541,100596,12111475,55.604415,12111519,38.106451,12111557,34.60,12111588,1.31,12111618,275.49,12111651
12124968,-0.05,12125051,-0.03,12125078,-0.04,12125104,-2.85,12125135,1.07,12125169,1.76,12125199,3.52,12125226,24.30,12131791,100597,12168192,60.96,12203588,100595,12237470,55.604415,12237519,38.106439,12237557,34.70,12237588,1.38,12237618,275.49,12237650
12269218,0.01,12269747,0.03,12269924,-0.04,12270182,-2.85,12270436,1.07,12270620,1.75,12270876,3.51,12271134,24.30,12279065,100593,12315529,61.37,12349598,100588,12386887,55.604415,12387236,38.106431,12387500,34.80,12387757,1.47,12387937,275.49,12388200
12407907,0.01,12407982,-0.03,12408017,-0.04,12408043,-2.85,12408074,1.07,12408108,1.76,12408139,3.52,12408165,24.30,12413791,100597,12447529,61.12,12486672,100593,12520474,55.604415,12520523,38.106431,12520561,34.80,12520592,1.47,12520622,275.49,12520655
12541873,-0.05,12541947,0.03,12541973,-0.04,12542007,-2.85,12542038,1.07,12542072,1.76,12542103,3.52,12542129,24.30,12547789,100596,12585249,60.87,12620580,100598,12656879,55.604416,12657230,38.106406,12657493,34.60,12657750,1.81,12657930,275.49,12658194
12688846,-0.05,12689449,-0.03,12689626,-0.04,12689803,-2.85,12690065,1.07,12690323,1.76,12690578,3.52,12690755,24.30,12696791,100598,12730529,61.12,12767664,100597,12803475,55.604415,12803521,38.106399,12803559,34.60,12803590,1.87,12803620,275.49,12803653
12824982,-0.05,12825062,-0.03,12825089,-0.04,12825115,-2.85,12825146,1.07,12825180,1.76,12825210,3.52,12825237,24.30,12831789,100597,12868229,61.04,12904580,100600,12938475,55.604414,12938521,38.106382,12938559,34.60,12938590,2.10,12938619,284.14,12938652
12954758,-0.05,12955362,-0.03,12955538,-0.04,12955716,-2.85,12955972,1.07,12956236,1.76,12956492,3.51,12956669,24.30,12964152,100594,12999529,60.96,13033590,100592,13069811,55.604414,13070240,38.106373,13070503,34.40,13070761,2.18,13070940,288.74,13071205
13117642,0.01,13117715,-0.03,13117742,-0.10,13117768,-2.85,13117799,1.07,13117833,1.75,13117863,3.51,13117890,24.30,13123789,100598,13160231,60.87,13196582,100592,13230474,55.604415,13230519,38.106371,13230557,34.40,13230587,2.18,13230617,288.74,13230650
13244110,-0.05,13244185,-0.03,13244211,-0.10,13244238,-2.85,13244268,1.07,13244302,1.75,13244333,3.51,13244360,24.30,13252119,100589,13290181,61.04,13324584,100595,13360811,55.604411,13361164,38.106366,13361428,34.40,13361684,1.67,13361864,288.74,13362203
13397719,0.01,13397794,-0.03,13397820,-0.04,13397847,-2.85,13397878,1.07,13397912,1.76,13397942,3.52,13397969,24.30,13403789,100594,13437529,61.29,13474534,100590,13509475,55.604409,13509519,38.106365,13509557,34.60,13509588,1.78,13509618,288.74,13509651
13523064,-0.11,13523139,-0.03,13523166,-0.04,13523192,-2.85,13523223,1.07,13523257,1.75,13523288,3.52,13523314,24.30,13529791,100593,13566195,60.87,13601584,100594,13635475,55.604410,13635523,38.106361,13635561,34.20,13635592,1.85,13635622,288.74,13635655
13662912,-0.05,13663437,-0.03,13663614,-0.04,13663866,-2.85,13664128,1.07,13664313,1.75,13664569,3.52,13664746,24.30,13673019,100598,13708529,60.96,13742586,100597,13778790,55.604411,13779140,38.106359,13779478,33.80,13779659,1.65,13779914,288.74,13780179
13803956,-0.05,13804039,-0.03,13804065,-0.04,13804092,-2.85,13804123,1.07,13804156,1.76,13804187,3.52,13804214,24.30,13809791,100601,13843529,60.87,13880681,100596,13915475,55.604411,13915523,38.106359,13915561,33.80,13915592,1.65,13915622,288.74,13915655
13936999,-0.05,13937072,-0.03,13937099,-0.04,13937125,-2.85,13937156,1.07,13937190,1.76,13937220,3.52,13937247,24.30,13943789,100595,13981241,60.62,14016580,100600,14052810,55.604417,14053163,38.106355,14053427,33.30,14053683,1.85,14053863,288.74,14054202
14084601,0.01,14085126,-0.03,14085377,-0.04,14085554,-2.85,14085736,1.07,14086072,1.76,14086253,3.51,14086431,24.30,14092791,100596,14126529,60.87,14163619,100592,14198475,55.604417,14198521,38.106352,14198559,33.50,14198589,1.89,14198619,288.74,14198652
14220074,-0.05,14220147,-0.03,14220174,-0.04,14220200,-2.85,14220231,1.07,14220265,1.75,14220295,3.51,14220322,24.30,14226789,100595,14263174,61.12,14298581,100596,14332475,55.604416,14332521,38.106345,14332559,33.80,14332590,1.85,14332620,288.74,14332653
14346046,-0.05,14346123,-0.03,14346150,-0.04,14346176,-2.85,14346207,1.07,14346241,1.75,14346271,3.51,14346298,24.30,14354106,100599,14391566,60.54,14425586,100596,14461835,55.604418,14462187,38.106338,14462450,33.50,14462705,1.96,14462885,288.74,14463148
14504811,-0.05,14504895,-0.03,14504921,-0.04,14504947,-2.85,14504978,1.07,14505020,1.75,14505051,3.51,14505078,24.30,14510789,100600,14544529,61.12,14582672,100598,14618475,55.604420,14618521,38.106327,14618559,32.90,14618590,2.14,14618619,288.74,14618652
14632897,0.01,14632974,-0.03,14633009,-0.10,14633035,-2.85,14633066,1.07,14633100,1.76,14633130,3.52,14633157,24.30,14638791,100598,14676213,61.04,14711586,100601,14745475,55.604420,14745521,38.106309,14745558,32.40,14745589,2.45,14745619,291.91,14745652
14805215,-0.05,14805289,-0.03,14805315,-0.04,14805341,-2.85,14805372,1.07,14805406,1.76,14805437,3.52,14805464,24.30,14811789,100597,14847664,60.20,14886590,100601,14920475,55.604419,14920521,38.106303,14920559,32.50,14920589,2.50,14920619,291.08,14920651
14934017,-0.05,14934094,-0.03,14934121,-0.04,14934147,-2.85,14934178,1.07,14934212,1.76,14934243,3.52,14934269,24.30,14940791,100593,14977178,60.70,15012586,100592,15046831,55.604418,15047182,38.106302,15047445,32.80,15047701,2.55,15047880,291.88,15048144
15087502,-0.05,15088025,-0.03,15088202,-0.04,15088454,-2.85,15088634,1.07,15088895,1.76,15089157,3.52,15089334,24.30,15095789,100596,15129529,60.87,15166550,100593,15201475,55.604420,15201521,38.106299,15201559,32.80,15201590,2.48,15201619,293.87,15201652
15215024,-0.05,15215101,-0.03,15215127,-0.04,15215154,-2.85,15215184,1.07,15215218,1.76,15215249,3.52,15215276,24.30,15221791,100593,15258252,60.87,15293586,100593,15327475,55.604427,15327521,38.106293,15327559,32.50,15327589,2.59,15327619,301.86,15327652
15352845,-0.05,15353368,0.03,15353544,-0.10,15353796,-2.85,15353977,1.07,15354240,1.76,15354497,3.51,15354673,24.30,15361992,100596,15397529,60.45,15431580,100602,15467825,55.604431,15468177,38.106288,15468440,32.40,15468697,2.77,15468876,306.24,15469140
15494528,-0.05,15494603,0.03,15494630,-0.10,15494656,-2.85,15494687,1.07,15494721,1.76,15494751,3.52,15494778,24.30,15500791,100593,15534529,61.29,15571661,100593,15607475,55.604432,15607523,38.106285,15607561,32.40,15607592,2.77,15607622,306.24,15607654
15629133,-0.05,15629208,-0.03,15629234,-0.04,15629261,-2.85,15629292,1.07,15629326,1.76,15629356,3.52,15629383,24.30,15635789,100591,15672197,61.63,15707583,100589,15741474,55.604434,15741519,38.106283,15741557,32.00,15741587,2.35,15741617,306.24,15741650
15760877,-0.05,15761399,-0.03,15761576,-0.10,15761829,-2.85,15762091,1.07,15762275,1.76,15762531,3.52,15762708,24.30,15770101,100593,15805529,60.62,15839584,100590,15876854,55.604436,15877208,38.106279,15877471,31.30,15877728,1.92,15877908,306.24,15878249
15906090,-0.05,15906164,-0.03,15906190,-0.10,15906216,-2.84,15906247,1.07,15906281,1.76,15906312,3.51,15906339,24.30,15912789,100598,15947196,60.70,15985600,100592,16019474,55.604436,16019523,38.106279,16019561,31.30,16019591,1.92,16019621,306.24,16019654
16032944,-0.11,16033028,0.10,16033054,-0.04,16033081,-2.85,16033112,1.07,16033145,1.77,16033176,3.52,16033202,24.30,16038791,100595,16077232,60.70,16113586,100593,16147897,55.604426,16148249,38.106269,16148512,31.50,16148767,1.75,16148947,306.24,16149211
16188918,-0.05,16189443,-0.03,16189694,-0.10,16189872,-2.85,16190134,1.07,16190393,1.76,16190575,3.51,16190828,24.30,16196789,100589,16230529,61.21,16267574,100593,16303475,55.604426,16303521,38.106268,16303559,31.70,16303590,1.95,16303619,306.24,16303652
16316980,-0.05,16317064,-0.03,16317091,-0.10,16317117,-2.85,16317148,1.07,16317182,1.76,16317213,3.52,16317239,24.30,16323791,100593,16360248,61.37,16395586,100590,16429475,55.604428,16429521,38.106267,16429559,31.80,16429590,2.17,16429619,306.24,16429652
16455158,-0.05,16455601,-0.03,16455853,-0.04,16456036,-2.85,16456292,1.07,16456552,1.76,16456733,3.52,16456993,24.30,16465003,100596,16500529,60.87,16534580,100596,16570878,55.604431,16571230,38.106266,16571493,32.10,16571750,2.42,16571930,309.77,16572193
16597294,-0.05,16597369,-0.03,16597395,-0.04,16597422,-2.85,16597453,1.07,16597487,1.76,16597517,3.52,16597544,24.30,16603791,100590,16637529,60.79,16674617,100593,16709475,55.604434,16709523,38.106265,16709561,32.30,16709592,2.42,16709622,309.77,16709654
16733473,-0.05,16733558,-0.03,16733584,-0.04,16733611,-2.85,16733642,1.07,16733676,1.76,16733706,3.52,16733733,24.30,16739789,100595,16777209,60.79,16812599,100592,16848829,55.604441,16849179,38.106270,16849442,32.80,16849623,2.91,16849878,322.18,16850141
16883408,-0.05,16883927,-0.03,16884185,-0.04,16884362,-2.85,16884618,1.07,16884802,1.76,16885063,3.52,16885316,24.30,16891791,100589,16925529,61.63,16962658,100594,16998475,55.604443,16998523,38.106271,16998561,32.80,16998592,2.90,16998621,325.09,16998654
17019917,-0.11,17020000,-0.03,17020026,-0.04,17020053,-2.85,17020084,1.07,17020118,1.75,17020148,3.51,17020175,24.30,17025789,100595,17062249,60.96,17097586,100591,17131470,55.604448,17131515,38.106276,17131553,32.70,17131584,2.89,17131614,333.58,17131647
17146375,0.01,17146895,-0.03,17147079,-0.04,17147330,-2.85,17147512,1.07,17147771,1.75,17148032,3.52,17148209,24.30,17156124,100592,17192529,61.21,17226584,100592,17262829,55.604448,17263182,38.106276,17263445,32.70,17263703,2.90,17263882,335.47,17264221
17297917,-0.05,17298000,-0.03,17298027,-0.10,17298053,-2.85,17298084,1.07,17298118,1.76,17298149,3.51,17298175,24.30,17303789,100597,17337529,61.12,17374579,100599,17410475,55.604450,17410519,38.106278,17410557,32.80,17410588,2.90,17410617,337.51,17410650
17424101,-0.05,17424177,-0.03,17424203,-0.04,17424230,-2.85,17424260,1.07,17424294,1.75,17424325,3.51,17424352,24.30,17430791,100599,17467248,61.04,17502584,100595,17536475,55.604419,17536523,38.106332,17536561,37.80,17536592,2.04,17536622,342.14,17536655
17563847,0.01,17564372,-0.03,17564624,-0.04,17564800,-2.85,17564980,1.07,17565320,1.75,17565501,3.52,17565679,24.30,17572992,100592,17608529,61.29,17642582,100594,17680887,55.604394,17681237,38.106374,17681500,41.50,17681681,1.41,17681937,342.14,17682200
17716191,-0.05,17716266,-0.03,17716293,-0.10,17716319,-2.85,17716350,1.07,17716384,1.75,17716414,3.51,17716441,24.30,17722791,100594,17759234,60.96,17795590,100598,17829470,55.604394,17829519,38.106374,17829557,41.50,17829587,1.41,17829617,342.14,17829650
17854735,-0.05,17855257,-0.03,17855434,-0.04,17855611,-2.85,17855867,1.07,17856133,1.75,17856388,3.51,17856566,24.30,17864055,100598,17900529,60.70,17934580,100596,17970818,55.604344,17971169,38.106459,17971433,48.60,17971689,0.91,17971868,342.14,17972132
17997158,-0.05,17997233,-0.03,17997259,-0.04,17997286,-2.85,17997317,1.07,17997350,1.76,17997381,3.52,17997408,24.30,18003791,100597,18037529,60.70,18074608,100602,18109475,55.604335,18109523,38.106482,18109561,50.60,18109592,0.91,18109621,342.14,18109654
18131039,0.01,18131115,-0.03,18131141,-0.04,18131167,-2.85,18131198,1.07,18131232,1.76,18131263,3.52,18131289,24.30,18137789,100598,18174187,61.04,18209582,100597,18243474,55.604317,18243519,38.106515,18243557,53.60,18243588,1.14,18243618,342.14,18243651
18269617,-0.05,18270141,-0.03,18270394,-0.04,18270571,-2.85,18270750,1.07,18271090,1.76,18271271,3.51,18271447,24.30,18279102,100595,18314529,60.96,18350377,100597,18387739,55.604308,18388169,38.106534,18388432,55.40,18388689,1.12,18388869,342.14,18389133
18413010,0.01,18413085,-0.03,18413112,-0.04,18413138,-2.85,18413169,1.07,18413203,1.76,18413233,3.52,18413260,24.30,18419789,100589,18456201,61.04,18491582,100597,18525474,55.604308,18525521,38.106534,18525559,55.40,18525590,1.12,18525620,342.14,18525653
18539087,-0.05,18539162,-0.03,18539189,-0.04,18539215,-2.85,18539246,1.07,18539280,1.76,18539310,3.52,18539337,24.30,18547118,100593,18585180,61.21,18619584,100591,18655843,55.604285,18656197,38.106564,18656460,58.60,18656717,0.77,18656897,342.14,18657236
18707418,-0.05,18707493,0.10,18707520,-0.10,18707546,-2.85,18707577,1.07,18707611,1.77,18707641,3.52,18707668,24.30,18713789,100592,18749635,61.04,18787519,100600,18821475,55.604279,18821519,38.106574,18821557,59.60,18821588,0.69,18821617,342.14,18821650
18835102,0.01,18835177,0.03,18835203,-0.10,18835230,-2.85,18835261,1.08,18835294,1.76,18835325,3.52,18835352,24.30,18841791,100596,18880232,60.87,18916584,100589,18952889,55.604265,18953243,38.106611,18953506,63.00,18953763,0.99,18953943,342.14,18954283
19032436,0.01,19032521,-0.03,19032548,-0.10,19032574,-2.85,19032605,1.07,19032639,1.76,19032670,3.52,19032696,24.30,19038789,100600,19075187,60.79,19110599,100597,19144475,55.604258,19144519,38.106623,19144557,64.30,19144588,0.96,19144617,342.14,19144650
19168955,-0.11,19169555,0.03,19169733,-0.10,19169909,-2.85,19170172,1.07,19170431,1.76,19170687,3.51,19170864,24.30,19179133,100597,19215529,61.46,19252628,100594,19289109,55.604250,19289156,38.106636,19289194,65.90,19289225,0.80,19289255,342.14,19289288
19310643,0.01,19310716,-0.03,19310743,-0.04,19310769,-2.85,19310800,1.07,19310834,1.76,19310864,3.52,19310891,24.30,19316789,100594,19353198,61.04,19391079,100591,19424475,55.604250,19424523,38.106636,19424561,65.90,19424591,0.80,19424621,342.14,19424654
19438023,-0.05,19438100,-0.03,19438127,-0.10,19438153,-2.85,19438184,1.07,19438218,1.76,19438248,3.52,19438275,24.30,19445094,100598,19483244,61.29,19517586,100592,19553817,55.604239,19554168,38.106644,19554432,66.40,19554688,1.02,19554867,342.14,19555131
19592304,-0.05,19592377,0.03,19592404,-0.04,19592430,-2.85,19592461,1.07,19592495,1.75,19592525,3.51,19592552,24.30,19598789,100595,19632529,60.96,19669598,100599,19704471,55.604234,19704517,38.106650,19704555,66.80,19704586,1.02,19704615,342.14,19704648
19718066,0.01,19718143,-0.03,19718169,-0.04,19718196,-2.85,19718227,1.07,19718260,1.76,19718291,3.52,19718317,24.30,19724791,100595,19761203,60.62,19796586,100596,19830475,55.604225,19830521,38.106664,19830559,67.80,19830590,1.14,19830620,342.14,19830652
19855740,-0.05,19856263,-0.03,19856515,-0.04,19856691,-2.85,19856871,1.07,19857211,1.76,19857392,3.51,19857570,24.30,19865058,100591,19901529,61.46,19935580,100592,19971875,55.604219,19972226,38.106669,19972490,68.40,19972747,1.33,19972927,342.14,19973191
19997742,-0.11,19997817,-0.03,19997843,-0.04,19997870,-2.85,19997901,1.07,19997934,1.75,19997965,3.52,19998000,24.30,20003791,100594,20037529,61.46,20074654,100598,20110475,55.604213,20110523,38.106671,20110561,68.90,20110592,1.33,20110622,342.14,20110655
20132075,-0.05,20132150,-0.09,20132177,-0.04,20132203,-2.85,20132234,1.07,20132268,1.75,20132299,3.51,20132325,24.30,20138789,100597,20175172,61.37,20210582,100590,20244475,55.604205,20244519,38.106687,20244557,69.70,20244588,1.58,20244618,342.14,20244651
20268256,-0.05,20268776,0.03,20268953,-0.04,20269211,-2.85,20269392,1.07,20269650,1.76,20269904,3.51,20270086,24.30,20278089,100591,20313529,60.96,20349718,100595,20386732,55.604203,20387163,38.106698,20387426,70.30,20387683,1.58,20387862,342.14,20388126
20412614,0.01,20412687,-0.09,20412714,-0.04,20412740,-2.85,20412771,1.07,20412805,1.77,20412836,3.52,20412862,24.30,20418789,100589,20455233,61.37,20492154,100596,20525475,55.604203,20525523,38.106698,20525561,70.30,20525591,1.58,20525621,342.14,20525654
20538994,0.01,20539071,-0.03,20539098,-0.04,20539124,-2.85,20539155,1.06,20539189,1.76,20539220,3.51,20539246,24.30,20545791,100591,20584244,61.04,20619586,100593,20655864,55.604192,20656216,38.106715,20656479,70.90,20656735,1.71,20656915,342.14,20657179
20713942,0.01,20714021,-0.09,20714047,-0.04,20714074,-2.86,20714105,1.07,20714139,1.76,20714169,3.52,20714196,24.30,20719789,100600,20756203,61.37,20792006,100598,20825475,55.604190,20825521,38.106710,20825558,70.60,20825589,1.37,20825619,342.14,20825652
20839043,-0.11,20839120,-0.03,20839147,-0.04,20839173,-2.85,20839204,1.07,20839238,1.75,20839268,3.51,20839295,24.30,20847074,100595,20885224,60.70,20919586,100589,20955884,55.604186,20956236,38.106701,20956499,70.10,20956755,1.03,20956935,342.14,20957198
20993115,-0.11,20993188,0.03,20993215,-0.10,20993241,-2.85,20993272,1.07,20993306,1.75,20993337,3.51,20993363,24.30,20999789,100598,21033529,61.12,21070518,100595,21105475,55.604183,21105521,38.106698,21105559,70.00,21105589,1.09,21105618,342.14,21105651
21119043,-0.11,21119121,0.03,21119147,-0.10,21119173,-2.85,21119204,1.07,21119238,1.75,21119269,3.51,21119295,24.30,21125791,100597,21162220,61.04,21197586,100592,21231475,55.604178,21231521,38.106699,21231559,70.20,21231589,1.27,21231619,342.14,21231652
21262122,-0.05,21262652,-0.03,21262903,-0.10,21263085,-2.85,21263342,1.07,21263598,1.75,21263780,3.51,21263957,24.30,21272055,100593,21308529,61.71,21342597,100596,21379881,55.604176,21380232,38.106698,21380496,70.50,21380751,0.95,21380931,342.14,21381195
21400576,-0.05,21400651,0.03,21400678,-0.10,21400704,-2.85,21400735,1.07,21400769,1.76,21400800,3.51,21400826,24.30,21406791,100595,21440529,61.04,21479670,100597,21514475,55.604176,21514525,38.106698,21514563,70.50,21514593,0.95,21514623,342.14,21514656
21535923,-0.05,21536006,0.03,21536033,-0.04,21536059,-2.85,21536090,1.07,21536124,1.76,21536154,3.51,21536181,24.30,21541789,100597,21579177,61.04,21614582,100596,21650886,55.604170,21651236,38.106681,21651499,70.20,21651680,0.92,21651935,342.14,21652199
21683110,-0.05,21683630,0.03,21683807,-0.04,21683984,-2.85,21684244,1.07,21684503,1.76,21684759,3.52,21684936,24.30,21691791,100590,21725529,61.21,21762644,100591,21797475,55.604169,21797523,38.106682,21797561,70.60,21797592,0.89,21797621,342.14,21797654
21819075,-0.05,21819151,-0.03,21819177,-0.10,21819204,-2.85,21819235,1.07,21819268,1.76,21819299,3.51,21819326,24.30,21825789,100590,21862233,60.54,21898583,100604,21932475,55.604165,21932519,38.106695,21932557,70.60,21932588,0.84,21932617,342.14,21932650
21946087,0.01,21946162,-0.03,21946188,-0.04,21946215,-2.85,21946246,1.07,21946279,1.75,21946310,3.51,21946337,24.30,21954103,100595,21991086,60.70,22024584,100596,22060878,55.604163,22061231,38.106699,22061494,71.60,22061752,0.82,22061932,342.14,22062270
22097364,-0.05,22097439,-0.03,22097465,-0.10,22097492,-2.85,22097523,1.07,22097556,1.75,22097587,3.51,22097614,24.30,22103789,100598,22137529,60.79,22174577,100596,22210475,55.604162,22210519,38.106698,22210557,71.50,22210587,0.73,22210617,342.14,22210650
22224093,-0.05,22224168,-0.03,22224195,-0.10,22224221,-2.84,22224252,1.07,22224286,1.76,22224317,3.51,22224344,24.30,22230791,100597,22267218,60.70,22302584,100590,22336474,55.604160,22336523,38.106695,22336561,71.30,22336591,0.45,22336621,342.14,22336654
22363876,-0.05,22364401,0.03,22364652,-0.04,22364830,-2.85,22365092,1.06,22365352,1.75,22365533,3.51,22365785,24.30,22373020,100591,22408529,61.21,22442583,100596,22479896,55.604159,22480247,38.106693,22480510,71.40,22480766,0.51,22480946,342.14,22481210
22500829,-0.05,22500904,-0.03,22500930,-0.04,22500957,-2.85,22500993,1.07,22501027,1.75,22501058,3.51,22501085,24.30,22506791,100598,22540529,61.12,22578627,100595,22613475,55.604159,22613523,38.106693,22613561,71.40,22613592,0.51,22613622,342.14,22613655
22653201,-0.05,22653718,0.03,22653896,-0.04,22654155,-2.85,22654335,1.07,22654594,1.76,22654850,3.51,22655032,24.30,22663043,100595,22698529,60.79,22732580,100594,22768846,55.604157,22769197,38.106684,22769461,71.30,22769717,0.79,22769896,342.14,22770161
22795596,-0.05,22795671,0.03,22795697,-0.04,22795724,-2.85,22795755,1.06,22795788,1.76,22795819,3.51,22795846,24.30,22801791,100593,22835529,60.87,22872556,100591,22907475,55.604157,22907523,38.106681,22907561,71.50,22907592,0.79,22907621,342.14,22907654
22929090,0.01,22929165,0.03,22929192,-0.10,22929218,-2.85,22929249,1.07,22929283,1.76,22929314,3.51,22929341,24.30,22935789,100595,22972214,60.79,23007582,100595,23041474,55.604157,23041519,38.106680,23041557,72.10,23041588,0.75,23041617,342.14,23041650
23063812,-0.05,23064416,-0.03,23064593,-0.04,23064770,-2.85,23065033,1.07,23065291,1.75,23065548,3.51,23065725,24.30,23074078,100588,23109529,61.29,23143584,100601,23180879,55.604157,23181233,38.106681,23181496,72.40,23181753,0.65,23181932,342.14,23182196
23210803,0.01,23210876,-0.03,23210903,-0.10,23210929,-2.85,23210960,1.07,23211002,1.77,23211032,3.52,23211059,24.40,23216789,100600,23253211,61.04,23289791,100599,23323475,55.604157,23323523,38.106681,23323561,72.40,23323592,0.65,23323621,342.14,23323654
23337051,-0.05,23337128,-0.03,23337154,-0.10,23337181,-2.85,23337212,1.07,23337246,1.76,23337276,3.51,23337303,24.30,23343791,100598,23381243,61.12,23416587,100583,23452823,55.604160,23453174,38.106669,23453438,72.30,23453695,1.11,23453874,342.14,23454138
23499622,-0.05,23499705,-0.03,23499732,-0.04,23499758,-2.85,23499789,1.07,23499823,1.76,23499854,3.52,23499880,24.30,23505789,100588,23539529,61.04,23576650,100595,23611475,55.604161,23611521,38.106662,23611559,72.00,23611589,1.29,23611619,342.14,23611652
23640847,-0.05,23640924,-0.03,23640950,-0.04,23640977,-2.85,23641016,1.07,23641050,1.75,23641080,3.51,23641107,24.40,23647641,100596,23685175,60.37,23719586,100600,23755868,55.604162,23756220,38.106650,23756483,71.90,23756740,1.31,23756919,342.14,23757183
23803895,0.01,23803968,-0.09,23804002,-0.04,23804029,-2.85,23804060,1.07,23804093,1.76,23804124,3.52,23804151,24.40,23809789,100605,23843529,61.04,23881565,100598,23916475,55.604163,23916521,38.106648,23916559,72.00,23916589,1.31,23916619,342.14,23916652
23930068,-0.05,23930146,0.03,23930172,-0.10,23930198,-2.85,23930229,1.07,23930263,1.76,23930294,3.52,23930320,24.40,23936791,100599,23973197,60.70,24008586,100604,24042475,55.604166,24042521,38.106643,24042559,72.30,24042590,1.45,24042620,342.14,24042653
24080792,0.01,24081314,-0.03,24081491,-0.04,24081744,-2.85,24081925,1.08,24082265,1.77,24082446,3.52,24082623,24.40,24088789,100598,24122529,60.62,24159588,100598,24194475,55.604166,24194521,38.106637,24194559,72.00,24194589,1.48,24194620,342.14,24194652
24208067,-0.05,24208144,0.03,24208170,-0.10,24208197,-2.85,24208228,1.06,24208261,1.76,24208292,3.51,24208319,24.40,24214791,100599,24251190,60.87,24289674,100587,24323475,55.604168,24323521,38.106626,24323559,71.60,24323590,1.51,24323620,342.14,24323653
24345110,0.07,24345183,-0.03,24345209,-0.04,24345236,-2.85,24345267,1.08,24345301,1.76,24345331,3.52,24345358,24.40,24353006,100595,24391233,61.04,24425580,100596,24461856,55.604169,24462207,38.106623,24462470,71.70,24462726,1.65,24462906,342.14,24463170
24492363,-0.05,24492440,-0.03,24492467,-0.04,24492493,-2.85,24492524,1.07,24492558,1.76,24492588,3.51,24492615,24.40,24498791,100602,24532529,61.12,24569638,100600,24604475,55.604171,24604521,38.106617,24604559,71.70,24604590,1.93,24604620,342.14,24604653
24626088,0.01,24626162,0.03,24626188,-0.04,24626214,-2.85,24626245,1.07,24626279,1.75,24626310,3.51,24626337,24.40,24632789,100596,24669248,61.21,24704581,100594,24738475,55.604175,24738521,38.106610,24738559,72.10,24738590,2.44,24738619,334.49,24738652
24754741,-0.05,24755345,-0.09,24755521,-0.10,24755698,-2.85,24755955,1.07,24756219,1.76,24756475,3.51,24756653,24.40,24764059,100598,24800529,60.70,24834586,100595,24870847,55.604177,24871198,38.106608,24871461,72.40,24871718,2.56,24871897,324.80,24872162
24905581,-0.05,24905654,-0.03,24905681,-0.04,24905707,-2.85,24905738,1.07,24905772,1.76,24905802,3.52,24905829,24.40,24911789,100591,24945529,60.87,24984594,100598,25019475,55.604180,25019519,38.106609,25019557,72.60,25019587,2.56,25019617,324.80,25019650
25033013,-0.05,25033088,-0.03,25033115,-0.04,25033141,-2.85,25033172,1.06,25033206,1.76,25033236,3.51,25033263,24.40,25039791,100595,25076173,61.12,25111585,100593,25145474,55.604182,25145523,38.106597,25145561,72.10,25145592,2.54,25145622,319.98,25145655
25173960,-0.05,25174561,-0.03,25174738,-0.04,25174915,-2.85,25175177,1.07,25175436,1.76,25175692,3.51,25175869,24.40,25184060,100597,25220529,60.79,25257564,100596,25294039,55.604183,25294083,38.106592,25294121,71.70,25294152,2.37,25294182,319.76,25294215
25307489,0.01,25307564,-0.03,25307591,-0.04,25307617,-2.85,25307648,1.07,25307682,1.76,25307712,3.51,25307739,24.40,25313791,100598,25347529,61.04,25385675,100598,25420475,55.604183,25420523,38.106592,25420561,71.70,25420592,2.37,25420622,319.76,25420655
25444481,-0.11,25445004,-0.03,25445181,-0.04,25445433,-2.84,25445614,1.07,25445874,1.76,25446135,3.51,25446312,24.40,25454062,100596,25490529,60.70,25524580,100594,25560843,55.604187,25561195,38.106593,25561458,71.50,25561714,2.13,25561893,329.31,25562157
25590694,-0.05,25590769,-0.03,25590795,-0.04,25590822,-2.85,25590853,1.07,25590886,1.75,25590917,3.51,25590944,24.40,25596791,100597,25630529,60.79,25667681,100599,25702475,55.604189,25702523,38.106594,25702561,71.50,25702592,2.13,25702621,329.31,25702654
25726499,-0.05,25726585,-0.09,25726611,-0.04,25726638,-2.85,25726669,1.07,25726703,1.75,25726733,3.51,25726760,24.40,25732788,100602,25769247,60.54,25804599,100608,25838475,55.604195,25838519,38.106601,25838557,72.00,25838587,2.50,25838617,337.87,25838649
25858713,-0.11,25859238,-0.03,25859415,-0.04,25859667,-2.85,25859848,1.07,25860113,1.76,25860369,3.51,25860547,24.40,25868038,100599,25903529,61.04,25937584,100595,25973814,55.604198,25974167,38.106603,25974431,72.10,25974688,2.50,25974867,340.55,25975206
26007264,-0.05,26007337,-0.03,26007363,-0.04,26007390,-2.85,26007421,1.07,26007455,1.75,26007485,3.51,26007512,24.40,26013789,100596,26050170,61.12,26088571,100595,26122475,55.604198,26122523,38.106603,26122561,72.10,26122592,2.50,26122621,340.55,26122654
26136038,-0.05,26136116,-0.03,26136142,-0.10,26136168,-2.85,26136199,1.07,26136233,1.75,26136264,3.51,26136291,24.40,26142791,100593,26179204,61.54,26214587,100594,26250844,55.604201,26251196,38.106611,26251459,72.50,26251715,2.22,26251894,346.40,26252160
26290882,-0.05,26290956,-0.03,26290982,-0.04,26291016,-2.85,26291047,1.07,26291081,1.75,26291112,3.51,26291138,24.40,26296789,100594,26330529,61.12,26367518,100599,26402475,55.604199,26402521,38.106617,26402559,72.80,26402590,1.94,26402620,346.40,26402652
26416084,-0.05,26416161,-0.03,26416188,-0.04,26416214,-2.85,26416245,1.07,26416279,1.75,26416310,3.51,26416336,24.40,26422791,100596,26459201,60.29,26494586,100600,26528475,55.604192,26528521,38.106622,26528559,73.00,26528589,1.49,26528619,346.40,26528652
26583184,-0.05,26583704,-0.03,26583882,-0.04,26584139,-2.85,26584320,1.07,26584581,1.76,26584835,3.51,26585019,24.40,26592663,100595,26626529,60.70,26663529,100591,26698475,55.604189,26698521,38.106619,26698559,72.90,26698590,1.47,26698620,346.40,26698653
26712084,-0.05,26712161,-0.03,26712188,-0.04,26712214,-2.85,26712245,1.07,26712279,1.76,26712310,3.51,26712336,24.40,26718791,100593,26755190,60.96,26793674,100598,26827471,55.604184,26827517,38.106622,26827555,72.90,26827586,1.46,26827616,346.40,26827649
26852732,-0.05,26853333,0.03,26853509,-0.04,26853686,-2.85,26853942,1.07,26854207,1.76,26854464,3.51,26854642,24.40,26862048,100597,26898529,61.46,26932580,100593,26968829,55.604183,26969180,38.106628,26969444,73.60,26969700,1.47,26969879,346.40,26970144
26997629,-0.05,26997704,-0.03,26997731,-0.10,26997757,-2.85,26997788,1.07,26997822,1.76,26997853,3.51,26997879,24.40,27003791,100590,27037529,60.70,27074600,100595,27109475,55.604183,27109525,38.106628,27109563,73.60,27109594,1.47,27109624,346.40,27109657
27131055,0.01,27131131,-0.03,27131157,-0.04,27131183,-2.85,27131214,1.07,27131248,1.75,27131279,3.51,27131305,24.40,27137789,100591,27174171,60.96,27209586,100597,27243471,55.604178,27243515,38.106643,27243553,74.80,27243584,1.27,27243614,346.40,27243646
27262920,0.01,27263447,-0.03,27263624,-0.04,27263876,-2.85,27264138,1.07,27264322,1.76,27264578,3.51,27264755,24.40,27273031,100596,27308529,60.96,27342588,100592,27378786,55.604178,27379215,38.106653,27379479,75.50,27379734,1.09,27379914,346.40,27380177
27412255,-0.05,27412329,-0.03,27412355,-0.04,27412381,-2.85,27412412,1.07,27412446,1.76,27412477,3.51,27412504,24.40,27418789,100598,27455220,60.96,27492287,100594,27526471,55.604178,27526519,38.106653,27526557,75.50,27526588,1.09,27526617,346.40,27526650
27540011,-0.05,27540088,-0.03,27540114,-0.04,27540141,-2.85,27540172,1.07,27540206,1.75,27540236,3.51,27540263,24.40,27546791,100596,27584210,60.45,27619586,100595,27655895,55.604174,27656248,38.106675,27656512,77.20,27656769,1.02,27656948,346.40,27657288